606248
777820
345656
621074
926171
335199
886319
664640
429159
135619
497848
507972
631497
787009
28302
161981
339952
821764
272676
599578
283103
679160
846783
335573
76921
146777
848300
948327
617050
382905
975682
355518
211187
132853
114043
619867
657821
537982
877898
602782
706957
833061
868541
931056
822404
120154
811776
482132
861737
581011
764585
201207
572556
648547
960586
714698
562901
742274
159027
902875
151174
408381
47429
944232
183557
263495
308432
454700
595780
319778
901191
957122
896625
120623
374695
796803
10911
29015
348689
18116
202701
946488
515721
999734
70552
156063
261716
549035
208556
591441
180579
790208
20688
618115
220260
161137
914046
792385
250505
973906
954177
978954
186474
341535
521402
864547
761019
293067
719666
936233
758682
735294
117564
829587
722391
930548
185452
358607
398087
24972
494501
542442
966475
604676
738468
848897
537930
930133
905624
44765
382842
841590
8118
478040
860299
289071
611127
636209
870287
618898
925720
402323
788218
749373
472713
212839
19744
244796
410061
289046
734955
906364
375331
184401
354223
745992
403372
322878
800733
50648
784385
600810
663314
359013
301310
958154
868565
748020
488482
873296
666356
330989
469849
824476
775438
881913
638187
954481
153523
782997
355676
641732
639
344361
183052
404573
152411
199245
168126
446607
895687
134831
18794
854296
304703
354135
801039
583939
543349
214896
28679
629991
94660
936545
51155
48423
594510
893428
842993
1820
32578
314301
528294
104839
704759
940373
439366
591166
579596
627117
423035
217847
703084
751668
246720
24842
819733
288002
119743
478986
377233
247804
604978
93663
960769
981356
943811
527292
185717
661113
694033
331421
220231
515933
785991
472834
403343
190378
970115
23615
795691
162929
466616
754259
730274
87209
194341
730400
561773
645190
266879
61142
219796
914649
340805
583821
882982
538280
75321
798531
90920
198757
979371
726908
793848
748443
248317
155385
321354
750490
379974
414087
256678
374445
888316
747880
112797
588304
352411
421616
498300
886253
989791
47845
187036
746513
130065
529202
865281
649988
623255
481379
445644
869801
52757
440214
983440
38768
221655
616740
326518
18160
963997
866900
190395
136253
790231
516061
959659
159740
987224
644571
267403
667894
277603
141279
401486
444755
59954
121981
287968
685823
894087
526050
832686
909564
634940
944389
876718
73367
304441
759053
958662
373656
783716
486467
217267
964511
962238
933637
867681
115560
156466
591893
819638
959523
862977
512777
16657
626603
693193
742951
282343
63681
77794
338275
809283
604721
103732
565983
114864
729453
245307
409654
276426
545350
111526
877223
559184
51173
690115
80897
954534
360182
838228
163725
567062
456472
91474
792754
972533
302426
711748
825710
137624
302177
455728
809055
963731
129721
206146
453156
871514
837043
350993
547765
501033
61626
642279
856134
392482
408236
167865
247787
717986
929123
40508
389248
998264
652367
922259
120525
531170
682932
836412
297339
500577
375333
232
384922
215991
40440
343568
529110
972486
966559
288977
823404
298539
36643
63362
652131
11361
324913
541569
262632
813261
303121
856962
688278
732273
483682
808213
240499
417023
780911
851059
196308
1017
829115
725145
683580
744851
206421
64854
929044
725111
363028
782809
626498
661840
880960
810091
535493
834774
784580
837257
748252
562880
52266
258067
633666
85691
946912
466411
811184
120658
709080
449043
363066
952399
165876
343492
841783
815526
673451
679026
920957
184765
202385
775368
957907
711661
324707
684657
143687
903566
162530
209047
670148
207529
988443
389508
285818
228356
30385
518396
149809
848902
342156
738891
278351
751563
485855
489675
889330
599597
721998
739126
588954
212552
91301
303814
415426
65078
655234
349802
744809
655262
613541
529969
458244
856300
870265
175113
149802
248372
23088
722260
387759
559926
527122
1718
658448
568875
653179
728091
656673
445388
190631
496696
902925
161735
780182
968415
830421
398051
268330
481373
614545
860742
577766
659790
68965
494224
444190
232567
619341
954707
285948
584147
726647
38924
129593
826307
285326
702309
783352
104637
398476
33893
976237
90336
509597
389011
807831
867704
640636
604340
468604
386258
965971
569322
607067
496699
503545
127452
92759
12519
351299
706437
479579
397444
809833
326406
573538
107050
968417
54089
727306
143405
680962
778028
862531
569386
366372
853286
948782
199205
982452
829414
787988
278177
508269
420322
451288
104411
77281
188581
571603
117426
782539
404963
281791
154059
360922
257261
945819
539808
709600
881216
364644
714196
706800
427038
755733
100689
431496
363771
998534
745510
664253
635285
262716
52778
359714
166077
527997
557800
87904
807306
335894
625235
65317
624314
169304
690245
588625
148090
204177
976447
683422
519386
751007
977179
928525
250982
499699
785329
633916
572646
781534
742922
214424
270398
949238
977937
284976
293423
278631
750209
953143
269566
290857
294605
958312
134036
118932
944995
324835
593684
298659
522906
446981
491248
808923
954940
736097
862273
501024
125789
332947
176113
985519
256053
813415
850343
917984
521291
496680
849976
482715
960273
929996
486193
935941
35688
320599
9073
601227
321967
756025
854861
792880
18285
298415
247434
317128
797920
449047
132911
698596
770393
718071
976871
335828
791378
429312
655711
916127
294595
554872
288237
620200
650289
948096
983614
92925
79238
398092
28014
500607
890515
965725
531037
586286
2351
598884
810879
719297
669343
804531
343476
105791
240541
732190
426323
52555
403331
49558
698558
775268
854084
138864
58570
563916
399514
921692
288341
638225
716176
387894
487904
935843
57841
274052
589595
156343
1033
998652
589734
441993
779744
114274
816923
58877
817876
37292
473805
670282
676899
631702
318589
301650
430708
446796
990826
644736
723841
609184
740428
536522
114589
145439
588749
834700
461315
692264
744835
376427
662332
618417
782925
731423
292173
643504
15093
759321
855099
796113
726384
73719
868612
347129
790521
653241
660960
75302
754540
367941
212839
183071
111327
933655
635285
207212
583891
76487
456771
849696
503214
600924
418792
173887
517097
653403
427027
488829
858821
773549
239975
773918
136883
74481
115782
419677
849469
381911
214555
8454
800313
322910
913380
506106
905513
812393
871183
555893
921359
8601
941267
442936
423434
803324
630574
858282
269446
8541
585913
702064
380530
14303
421825
71426
840411
515671
175830
456430
586092
232575
484421
932617
309678
709000
308891
978106
853185
39763
828655
122490
771490
523778
498148
242114
113812
426413
848158
383068
62309
135805
51231
793506
569525
694651
52681
129386
104189
701636
549571
537672
136572
43650
643883
685962
299467
625782
21013
317196
569329
761839
58089
65833
89992
204723
769607
386392
69297
253721
178655
401157
756420
823222
273509
812262
266560
530768
464173
49184
724040
760009
970903
279112
704491
499394
599442
455245
180376
23634
212534
840393
102644
791903
37509
194230
549912
581923
795711
316514
931310
586518
33875
765694
374821
761243
888259
297879
663764
617221
955897
661441
143027
971636
45176
498012
840342
291835
511467
681760
68316
226280
372119
16763
883844
411810
656537
356868
183088
991710
122813
836903
298915
626490
13074
537644
52243
777330
624021
488034
995087
53696
67591
323370
385155
507628
526908
195064
456441
935192
271574
639624
382009
662898
601765
671940
47527
468358
545706
561399
283035
399377
719732
963615
122334
807635
409810
596200
352141
229330
970160
566792
989677
198639
617388
724426
465426
929250
96049
187569
249173
875636
750064
4320
724383
519465
943065
230409
478928
322388
109205
95515
228490
335702
216080
630310
832244
167414
491240
295148
490125
721760
59993
987585
443499
160620
159183
52275
508289
128071
434462
351388
725687
749177
744723
515066
958873
286207
688350
666247
423355
631392
907934
670136
102887
513535
525441
258836
469192
444320
761816
9057
256572
165693
888939
795984
796495
833091
389988
57190
182453
498663
933281
614708
40407
430213
996169
470351
989849
796916
989897
807899
421557
992496
891994
690203
680812
732350
203991
828117
603012
49956
328455
885806
474423
788222
6519
321937
693631
500983
809910
800034
567419
102693
488627
643644
119313
592164
983134
313677
828483
468275
149089
113472
376053
987553
91396
721513
704332
495744
417370
802694
746448
768502
681576
586762
407272
31910
319661
621241
538216
547032
244538
976545
410325
744942
499987
575559
174753
883645
994297
953882
836741
538480
614481
83256
590258
648178
442559
934396
32003
674418
978049
480854
166879
40827
284955
219263
510314
402132
382647
896602
318020
532187
854173
70697
511505
979873
827925
605381
790359
233401
941672
139550
711934
568894
493360
234786
226254
420695
378661
312839
891892
724864
341302
390241
92883
986757
531259
73017
162574
291588
859458
194432
649297
971938
353549
476220
795521
250858
792131
544700
308951
924870
643597
235070
446363
81984
289640
523101
310250
236691
513852
858655
302456
538487
983268
380963
127900
647606
482333
157231
788519
925952
309612
624108
794454
532505
749777
646716
378694
882317
792292
47764
967000
419300
784203
714037
98958
970273
907089
43878
830134
825936
327167
117450
922910
685586
485553
104345
236326
483126
771671
29751
918435
40813
603926
329305
416253
508676
987954
308957
627138
184754
182738
307347
664437
865503
144449
417899
458753
366568
190977
233691
483983
152831
194800
493595
644145
633791
97155
835855
669046
228836
458800
134157
869022
845007
125598
735358
929823
883000
150278
998020
788341
435808
2642
522806
279682
156334
486578
434161
397036
286137
306970
419808
164920
528911
915336
629902
604073
876706
60798
531306
415158
969098
793542
521320
788800
780603
488371
214167
768268
524144
436046
549959
511082
918514
48284
225570
660287
141539
983351
289181
230620
249440
483248
816840
492579
761986
282777
761879
735777
890517
497168
588441
640377
822020
51813
984859
905647
655698
172891
908789
652782
967815
31645
445511
609417
495797
176046
969498
833524
416513
228759
249571
286294
98513
426777
14588
863269
394265
592466
394563
878345
825302
696354
948435
671605
367871
960455
441212
608317
918302
718277
877860
289223
500152
438629
213329
415426
292416
244106
813917
368711
754972
426573
718257
737473
260675
637088
764403
547947
327570
650165
743756
921507
112304
839770
483241
943126
380531
677393
900238
82965
859790
805723
489773
753837
154817
88369
759653
947171
767123
953874
826353
356346
699457
787545
595290
922713
589952
695373
851470
463898
624390
921190
291799
84682
279994
3397
345749
742360
557328
122927
949426
54418
385028
49596
118527
798076
301980
543061
257299
525284
322322
891767
618665
885762
478378
891107
476973
267685
769902
142342
609035
218980
788011
325228
839979
567323
935369
542841
754714
639225
546499
874752
54265
561431
220419
711918
51258
169461
954342
702010
107724
382253
524757
199052
768782
379962
757326
668741
180999
924181
269363
897907
323353
627968
865668
654170
53705
910375
658561
935252
415833
787058
794191
831758
536001
697499
72429
345036
989501
72907
415802
74435
465695
693861
79348
936356
881349
138819
44306
763077
425088
709102
120896
876133
892021
37956
625278
655840
966996
895353
376906
952475
313937
292770
556150
190164
961144
373225
36601
140825
516304
901499
777451
171068
910318
444960
563916
163850
28556
155067
815658
545595
87866
528030
911619
225072
286404
513474
605535
781591
314854
75982
645664
843614
245454
54416
147359
570829
76819
446208
618650
2877
101218
759502
130145
675476
332960
115747
124991
75854
544781
524233
57899
865296
679140
592600
586889
967733
375755
743336
222494
470913
233279
349917
302804
959977
714731
521971
469834
138794
897243
130839
382880
901833
742095
347375
788190
559572
189105
42385
147534
533661
254872
43596
699284
623710
560108
393211
799411
546250
635129
779405
3031
69072
356189
620204
701791
174948
315969
685061
175378
778824
116558
392284
619913
295864
818351
891412
904352
111090
972149
163913
795117
181051
650341
637791
719294
653589
855470
78005
959755
898197
994742
530011
83284
413119
467902
339265
646815
990095
180298
502181
362992
746831
386525
354022
78443
178001
228982
411858
746871
257233
844442
457948
480889
54676
475287
965576
178972
858552
19411
240179
824885
831322
505051
480166
56310
286725
367366
315062
272818
52865
290731
508398
149609
587784
709661
147408
499561
427316
717487
812440
911871
6416
147686
977528
736166
889019
501758
906926
894542
226763
784197
42733
470064
153413
359774
752743
184764
992186
162887
65704
55926
817675
436208
130589
506859
695884
85239
586311
476285
262011
448683
586398
225221
627768
357940
760447
786377
409531
598539
202490
359068
890865
619502
999793
667226
292474
334122
869695
48948
451165
199757
131672
348796
804592
793793
64732
2424
716758
741440
94466
70279
199862
22
402625
489187
850265
35201
806454
233508
494783
92011
10057
771210
665463
127229
435030
747808
495324
63666
943857
272382
922827
225586
777621
944152
573709
214495
502455
319898
415727
49882
63698
642254
656521
338758
12859
963225
84289
999948
593495
74953
956071
104414
3379
322368
427465
704761
147904
764430
987439
447072
878714
336913
303717
417348
241879
906903
374978
634313
655593
482913
245717
901301
537883
580964
963949
571259
267649
837027
162230
98142
926025
587652
139211
656337
353410
640707
918089
525980
73139
367280
374571
912014
893828
793980
852293
980528
351562
953888
452002
467710
198994
929462
308742
749887
939561
585380
429523
548708
641056
12359
38317
323132
37781
648706
486455
489673
826252
476047
890743
457171
717319
367907
957495
332060
107571
616147
304288
722906
55467
881666
637620
904727
270130
829966
472108
596150
844384
115141
321219
210476
259586
699413
860065
393006
728326
375963
409897
525965
56216
842402
109327
452329
157719
404089
672567
866688
780763
53520
607402
311865
541395
653906
738887
556706
449361
200968
249902
407737
777976
577743
798774
500730
454649
241658
736505
682042
828529
965517
265103
231777
71313
728720
424634
58077
635811
849715
497024
824116
593312
710679
292901
940371
654322
77532
669691
626582
109430
738636
662765
120531
272331
585307
299061
908496
337107
906192
574321
979395
995697
404108
26387
814986
171979
809460
49034
859039
42967
688709
166602
843439
500961
224192
724633
101878
796212
439814
141924
776918
336071
718947
109855
83159
728598
443303
531655
334695
718834
760425
84330
744817
231345
951140
460674
828837
999448
638058
964566
68500
428466
526563
938178
522554
853070
573656
614756
121282
689215
242546
718906
442416
726603
41212
720385
147844
898351
605003
480704
414516
435345
88286
463158
669315
29681
285811
517222
62760
820834
618067
739947
253741
397698
183103
486492
549698
515764
45411
870319
923850
399934
76055
405826
82792
120692
77663
393406
31193
692225
801066
64792
853654
106364
996572
412906
916462
118066
395900
280681
361780
28133
33837
691534
911020
890072
802549
915873
822590
479202
394905
965305
711239
295507
830449
533857
929157
246992
61707
5352
265789
673650
741146
595262
301364
426663
401460
705613
731557
526701
458955
17978
269162
365158
106850
458176
869690
22670
660979
688590
728041
353111
277592
624198
997062
334377
644432
178858
879671
889997
776834
642571
364136
495604
434142
649987
313537
323401
582255
453595
36099
431285
735040
344253
134167
469459
71032
977890
314508
943270
176200
951491
585320
941398
772785
683908
516948
855073
974684
216222
168261
391353
661589
26426
556156
574032
811278
689443
820961
453668
91936
874487
34423
487438
77877
183837
817519
932649
376371
296791
402342
492572
307579
269086
977669
945505
508273
697416
385624
130764
910621
391250
248445
819063
813100
435419
898385
737445
240908
608268
763650
480871
315637
37724
54547
107578
988508
741835
528266
580821
724717
899277
306073
286391
869065
501842
26460
303108
297599
662911
399367
375698
317869
580888
100387
581047
499350
829630
395429
314334
969073
564514
96786
703586
753526
788501
894129
427292
665238
2037
959885
907672
193637
385686
553708
362762
13848
461014
15441
462060
107032
462221
323713
516783
421246
674988
864229
311606
952076
674862
423379
38235
820914
757549
238533
300842
166204
469807
128432
358360
247353
728748
406851
498900
326557
682724
591565
727584
272603
527645
919202
505064
736570
93711
960578
360029
494772
471097
909153
977252
341305
488036
605212
425874
328819
488406
512779
468482
704923
318967
114047
845487
623852
369756
340114
886292
635006
999493
647908
7228
588172
337310
446679
888616
552725
466663
546735
649353
600490
338624
246037
723339
443755
535997
841799
154695
583021
707803
271361
732481
104680
729894
9048
496024
553518
364498
722798
359322
612984
169543
889820
573140
746225
445659
56278
975898
444961
229834
741087
191250
586643
401434
5539
155130
972955
338736
242751
261185
933270
873043
469929
709198
308153
940788
433498
312
406873
718478
987567
785941
515063
762926
921950
576658
789615
56540
219987
135563
653214
721031
631096
793335
877033
759150
376456
105632
938843
659949
844406
516429
477996
997847
613827
920593
625065
902985
623547
379975
386677
959543
876333
983872
326197
606153
284899
32932
986725
813623
854158
782747
255047
851707
39445
456344
319266
622204
988883
812611
539052
161587
13929
559421
474834
737968
725816
964977
967276
777592
604029
113366
438777
280306
588712
965794
509638
483416
805242
113606
179287
990271
405971
607148
54946
190578
955589
460515
632824
322839
873968
638780
265433
605275
234969
747488
745899
725557
590739
686798
11503
705793
835732
906145
966959
239171
435901
124328
978459
70656
136706
465017
990165
524944
291454
882336
991927
707189
195688
192214
91233
798032
241096
362568
390268
601272
471103
747720
268805
155943
953344
170697
318725
790045
626809
871016
608537
249047
295513
565847
922226
508283
196194
635799
753619
670197
427639
60950
812152
522740
467678
914386
276278
101450
899008
475456
623378
958499
849697
950391
349718
56767
380501
522817
908181
665853
923964
280489
378669
408785
205667
990961
267665
640887
538112
126126
904535
708585
335447
477646
438011
288856
391640
976327
970843
85937
583986
847932
122999
919990
151201
11535
609389
642628
521382
310347
36495
8482
228476
492263
990606
832174
325777
731959
138742
520518
853547
386697
617928
214658
213992
944667
255554
877413
50081
445406
167588
970305
638880
505064
254289
696619
165771
355459
870797
145159
654238
953280
61641
358045
778262
756916
624337
451314
715227
848652
887200
618618
802755
733981
765674
217335
432479
597764
663318
765744
517782
447238
466097
686573
631018
751880
334938
185260
111458
997245
826800
857617
385924
498117
626637
966226
479238
739523
364039
109648
134823
928330
328742
273573
722935
702381
102554
787029
113473
720570
477783
397984
920091
539022
413039
58200
88768
433885
837089
375146
284918
848111
318368
266628
549301
446082
89761
146534
722309
63889
482934
156268
113044
463130
288829
79418
516879
851996
757
507181
257997
901200
310609
34200
150494
749608
948133
55640
470896
907380
949602
255306
313989
629010
953198
313640
347812
66142
802299
848920
72619
325763
491664
680156
402537
563902
483974
68655
53738
946110
511022
600414
332655
737438
386204
940259
209411
147992
970904
192799
211430
591338
487341
842050
405452
463528
661214
913260
859225
480659
301670
934977
246421
851082
596027
235230
462349
274052
510080
130519
379347
782592
561113
107090
67345
737522
336794
869190
529308
905940
34127
731691
624239
99119
508354
550653
746120
531607
784301
544970
854939
336878
368853
190087
441717
932643
900005
828664
344335
350270
731709
664201
115804
799187
747344
114494
697383
446784
419042
140232
467470
137953
878813
458320
850881
971752
854632
485103
727164
227133
853102
16984
330670
17498
593854
578978
95901
890069
324865
350471
719031
961000
937799
22490
664242
677082
393655
2587
385265
190167
342771
783711
560012
277329
465310
894578
108376
44400
557180
723083
60869
562064
576273
322795
104909
467761
455312
191058
663645
117893
666311
455154
633075
448922
787098
172513
58976
858252
10682
408731
826510
914757
755456
758541
144498
457387
895308
919194
408250
858487
397961
423498
230305
740036
242829
411630
244561
635182
415620
46062
293935
441708
456208
340111
72407
293184
824772
839093
465867
845090
664694
154504
174635
760058
254639
312364
58473
764139
902327
890582
614360
234890
674469
257057
575381
584727
778206
727555
359925
475808
428923
600444
15946
426515
184065
928041
168866
507814
457946
754203
907846
882168
651047
613574
799393
263356
281582
922865
152670
909876
44396
12670
475518
296418
832117
699273
144687
699208
528958
138260
254400
620715
186665
354657
283729
210165
113566
855876
643561
94018
41166
913246
951052
406890
575061
323089
872731
55198
157018
234740
691298
600833
543958
422659
262585
898259
9402
665362
838510
157929
933425
98664
694249
932350
870124
621618
696322
266730
56530
602542
485623
704933
96998
619934
513346
770157
364596
700042
433956
680554
333035
739180
945406
572350
341851
48433
533191
992438
373009
728457
373067
488698
341435
809918
108527
817607
450262
683466
492963
769719
5554
201092
100287
91382
184246
407163
702763
742910
551607
356393
270472
288480
16563
477859
473610
197231
869174
432197
600651
359673
811580
625156
822052
921283
984453
366165
668147
479922
188847
930139
397297
151746
295373
386241
81348
129927
334581
812133
73024
733180
342372
222704
747737
406274
238278
537815
826012
61651
136954
932959
933437
28981
609841
845625
820646
533712
163152
650585
274767
648344
818978
463610
172043
551189
703846
491221
687783
474946
472280
914793
1758
440104
456256
744690
453505
510568
571481
355965
889237
613046
96290
892746
15416
450591
3713
124342
966520
978666
963234
777536
737619
906369
584272
665132
977623
108341
419447
472787
540532
18638
720861
332437
356548
105430
547531
377707
557350
452566
875249
777100
388568
332536
409942
526741
159078
647823
363465
248956
202377
18579
921911
41107
849767
958649
156189
708364
473230
845303
460105
746035
819885
980615
662684
311637
960975
868896
96956
728545
534037
716750
361469
167517
698285
6559
675315
608077
308116
282697
347521
816327
522206
64601
61365
693929
387016
710736
328108
733965
363566
930422
86548
863155
455229
204402
940761
45729
690273
517225
218911
52984
542693
69914
645061
881895
226108
64059
564129
423904
593895
522914
794556
337625
183424
809291
628043
353605
931119
978059
324893
19743
252451
482061
917412
58016
317973
336812
756012
713747
203446
694731
456100
424109
781256
254614
978615
832650
789504
588426
107767
145711
938015
618265
939127
348830
852397
519077
254531
120889
746413
167825
521192
652018
501282
964220
23736
994167
384583
161039
949437
654231
163030
123176
762922
176300
284262
14128
970383
625833
173410
583009
727519
28981
540188
48562
642967
175963
310089
79976
286695
499877
88737
101915
126852
159072
700959
423842
725632
841115
775949
898411
702554
247282
939221
908301
78702
504139
559173
421079
910236
623145
731884
799668
374481
624322
441579
507414
380788
865264
770823
59960
990415
496963
757731
914599
241592
797104
336110
410667
930238
637778
939464
769264
461489
627166
309988
331739
372384
24619
996509
336692
391653
850798
437007
223557
611701
549831
692903
476155
364819
211461
727207
689765
421503
716509
10800
937578
372862
269773
642630
663127
317002
233796
531768
22696
789078
162528
63966
915905
366654
5552
664696
745458
774556
547835
465374
961560
899676
383423
326488
341851
253209
664945
572523
102460
653077
434904
541660
755481
30612
547281
688291
849008
676626
290476
448077
324801
687736
653864
260382
258755
367583
697050
76252
79921
828395
159335
903730
99562
974843
525632
1334
268127
286660
896070
431918
877289
379334
262496
456496
177333
128314
907078
102965
96836
965387
968425
828430
693202
299662
488492
680527
118113
872826
542445
974793
956437
377694
505018
229781
911762
179776
102442
902921
39828
9740
308117
75051
16654
242088
825839
698402
182916
541194
306502
757728
551296
826681
33852
644928
656809
830531
246944
581806
365931
753471
895896
423929
906798
934102
704587
928966
409194
803062
445018
423590
591054
976991
807754
165748
962363
43796
794476
772902
586291
261698
113817
491555
567147
102087
142001
686626
781333
540590
610301
143410
261270
809871
714718
402299
592342
58345
318135
997785
975211
782682
631802
468674
404095
902662
318430
98164
99240
696240
464579
773353
301010
151651
444219
800740
667916
255217
334206
728903
114490
552063
550657
75870
505946
20030
56088
576338
24415
870457
12004
38283
326780
770725
193644
671576
859870
344127
437633
891901
576304
922519
541709
509882
881358
139833
394662
346717
21734
188977
430424
794162
195048
190383
760265
894346
568249
331367
31765
467355
565830
419518
946757
71784
982110
369547
375410
423097
835875
714989
732002
353439
571738
721314
284279
201756
816604
302737
253943
227507
722003
777716
412372
859569
162888
766050
123755
412655
820410
967016
713586
316667
48358
1982
584783
298639
860311
959629
364069
511492
627035
816509
472941
827947
777505
768693
34833
821946
706232
313217
304749
319394
618168
984732
587879
989339
329305
196373
814061
522377
222906
31879
424743
756204
850205
444868
831191
847618
540828
252543
892498
600875
404114
356258
874789
601410
766239
923663
478172
22428
889979
200736
439395
812124
550192
234147
959569
4684
66146
206418
634024
272751
963292
746805
90046
317902
595997
68438
97961
454922
680802
656828
804583
941195
922868
833866
518994
274298
975151
760691
307574
98635
123807
683619
956917
940987
707650
418770
369921
120925
830254
931466
142941
852128
425592
534612
662562
767599
410415
633361
60838
413842
966869
793679
658361
855239
718089
972909
932783
251932
165792
265127
627910
212694
342234
481626
243031
347183
69342
926665
827797
206549
253290
237250
537402
191688
843203
438044
101522
398501
123107
788692
749584
201447
157421
526368
360298
533175
553257
820788
124058
297025
498229
519503
654314
814310
17781
560594
665827
585430
50299
937600
206550
737845
606801
722103
68630
859071
13328
17503
82263
981183
978455
29279
181585
189500
994624
506609
33060
759513
885829
169361
165273
587179
233690
800836
707835
955321
821640
870949
819469
487841
707286
293624
902948
143776
237204
823842
512591
203251
219607
551747
815030
793263
678260
527163
965886
245884
755714
52646
458520
135314
942602
294985
85120
527140
623612
336926
670902
57583
841965
91411
966557
109566
999667
996592
611393
735331
419686
38378
288039
253620
11853
266646
946828
653928
683298
413464
584927
905544
108737
121432
6095
21549
811615
20628
433644
993432
38128
242560
541082
901516
548734
759778
119073
426717
534445
556991
243693
792744
448414
659606
538403
395073
298085
170380
633445
901837
102052
605379
454029
627947
199731
320276
776576
346307
434212
848800
722766
854247
685902
890265
302999
538588
4053
274374
1029
198039
194634
900955
131619
344873
142182
250321
812041
927675
46282
101178
417180
239697
326325
612670
921788
700754
221908
972710
787515
247027
941671
838238
903384
360671
753231
410619
531779
109820
619132
937876
84119
553920
517820
734755
675522
985807
56326
983073
33835
14106
249794
545932
816448
321035
640419
638070
257402
737569
407843
905153
536844
709710
325243
877116
511982
201383
601005
809111
219343
822835
137269
107668
110626
568583
553977
33570
910601
970069
641580
629254
509633
163394
52371
895397
847012
835874
214421
761535
41429
56132
858070
269520
542158
117215
966924
752291
19413
106981
317623
332942
532755
35768
990708
704421
305047
776140
770888
426861
47499
644070
624610
104268
56648
300993
472226
734670
994929
704179
526407
504634
156310
871593
191201
512412
59816
950762
674992
921294
907568
133002
390273
297897
704693
249269
148281
286683
515833
433624
291612
871723
856185
636799
336701
34026
67117
614482
795543
672050
492680
625495
597893
949452
94201
475698
371480
648243
878357
860791
842030
35236
542872
606220
46315
334467
396167
717129
428608
526741
473418
929586
833493
914434
142111
562261
676689
466385
76375
632898
291533
413379
251522
695270
953777
643712
733872
735315
279425
318637
935822
978963
511523
644029
978460
215956
415644
444503
475732
971964
836167
354855
132195
938368
702443
10405
116750
62135
285990
296388
138863
890093
15164
697718
606833
819649
796667
789144
466273
166646
880897
99664
729894
598855
43304
820465
75489
494253
22136
464855
141340
853715
720567
178418
532936
641034
571774
603325
211476
755925
3163
218143
964468
242890
536251
818385
804628
356978
196356
245292
166191
878429
746920
544556
184277
832409
163799
262749
434458
430851
761879
966
734506
865508
313512
460849
370763
687847
86109
567407
551608
444693
894361
253249
747368
85118
998048
989363
642126
987321
265126
328471
232920
980740
565212
224555
702319
408913
505824
383598
192438
798170
19079
580326
528921
493950
614600
170329
571276
735279
957221
818174
101354
191017
34372
1526
59507
612454
735773
57402
463208
130573
993019
46630
342808
54833
695503
979457
256154
733196
268001
193776
108632
723695
376196
735441
148457
415882
359587
646132
605933
984597
621972
376430
449026
142489
947653
909725
395548
680436
560152
797799
3134
486309
998855
183428
5896
717339
740493
552052
28094
565429
688102
824246
57497
262557
293612
385620
859833
314057
358247
553725
895449
185601
785934
132909
377939
781682
380137
345670
614693
344485
809359
94419
486709
416751
142950
270811
266955
788656
5466
25223
994498
201607
786110
464310
208894
11707
269817
602522
676058
277184
876034
66510
427661
883311
839241
810899
210084
373120
508660
239017
265712
700071
172151
793241
629050
662582
992786
604191
541122
167621
292615
74960
442680
861583
499910
304491
421419
639814
714032
857630
989341
73296
895216
712446
900949
469520
834034
592671
455051
124940
133214
117306
440492
610751
940510
615411
116344
349641
189773
466832
94246
986233
552470
584279
770550
609316
790089
824789
85925
590240
211974
359722
61768
882588
238057
800732
405906
779674
10487
149770
307749
960589
143467
333468
588106
212491
344330
687116
703426
989596
180993
959899
842873
750240
733626
476517
989129
218297
965078
995963
762319
720110
488468
979689
477479
323956
772163
728227
562392
566518
914455
872806
368500
405919
277296
300616
796484
247100
558019
338170
484808
67594
544977
712726
794924
608224
197613
73310
652835
28675
385591
200158
397788
209914
300538
976043
36707
564061
493265
57219
601273
797905
946858
863675
620944
651095
232851
101650
131531
595627
155343
686145
299743
767984
662592
21186
938209
900893
358676
942429
113893
822814
570906
43453
107741
795166
534158
922719
243731
749296
324417
975025
167165
275556
591454
845128
529791
566996
847904
509058
972480
402532
232099
860144
985532
191631
126367
16240
112328
757615
597802
702087
226949
649847
699437
926050
998634
487364
989447
861127
435314
994640
959739
767092
846609
728565
158979
456529
169437
845795
309058
297077
829345
4633
668335
801952
352705
336388
787423
196256
482585
409044
694719
711901
436236
720294
432670
390444
588030
818329
784973
289313
263012
657113
157471
652156
553110
92064
815131
618713
716604
372233
457010
326327
918864
364372
584869
417566
588601
585442
78216
114910
964563
494291
300875
714755
431414
389126
519871
76753
691701
48350
56569
918119
925424
379991
46566
887912
963324
325661
213761
975717
567164
357876
106341
147231
962106
550327
194184
709087
559229
286041
249344
171824
730128
806178
634828
590256
64258
133748
107051
775705
140691
933362
663154
400702
618371
730602
120471
696562
42306
499236
477334
350056
174146
380572
344448
476137
202686
381572
890228
506392
133507
219220
717179
682747
639975
847730
683059
714996
232986
323500
445790
473951
573621
973944
167298
943213
737036
394110
734458
949590
965829
648098
12013
863511
649757
789923
122764
8524
297707
813888
298505
832519
426462
107964
529547
264361
40695
108881
27981
675875
219864
122384
510972
463051
944976
199229
770624
70322
636558
235660
257438
89906
754616
399801
893468
362433
855848
635903
11907
95739
385392
359371
482643
478204
538621
974007
741402
45239
683817
311435
733690
691520
601888
626690
218425
471856
649144
784335
118690
115172
822601
757890
417833
930760
992966
58586
380320
220506
184742
691942
972211
688801
484256
961007
739234
51389
753593
518320
321630
515268
863004
403911
563637
586296
331724
748297
551894
658485
686693
917904
805232
578130
474382
862263
46214
312563
277431
80285
23635
121703
380279
492413
467469
748271
249911
768626
896195
675183
395478
705423
801330
111602
462971
310273
535641
628904
421358
342064
610838
854679
669569
160247
579098
43420
496472
270342
317554
827192
809544
360276
636082
818527
850214
641235
384037
950132
959219
705439
825614
309880
382451
687183
241635
200952
594094
83097
404588
500085
393524
923250
289278
785650
385978
416140
703034
98538
35803
622255
398782
718157
167357
442072
426589
195385
518612
345358
952065
85267
321815
760234
939755
429828
499929
924749
575040
250958
264589
706919
384934
350428
40167
714850
607861
543773
158709
357073
181386
903208
274867
970945
890543
37140
886218
914250
324989
495379
467535
258381
610870
64473
29088
755831
784918
832720
43586
340837
786357
583766
204767
623391
808829
459210
592798
340880
156429
888050
748177
912127
992626
444657
708449
157513
106767
110921
270066
236907
737731
403455
208866
807672
446464
948978
742428
453328
483455
324812
207627
934526
928281
861566
924249
375483
985767
829993
796221
777209
209595
151378
191849
926107
547315
668733
735270
624185
857014
574709
989534
139297
887608
629062
13719
533315
120679
982096
213380
137158
459895
393558
722378
299907
771285
442881
507065
289271
94898
265351
241648
959898
236457
323160
190311
782128
165610
3567
462226
108847
118559
749507
524704
920680
739981
752293
339847
216502
956681
764459
695281
888357
902479
371106
530800
522874
190818
411585
720519
344824
297252
996739
136602
322706
304996
232957
278009
654745
485719
112610
698576
120947
430716
596538
631709
807419
830802
947513
852573
831082
926453
421778
390549
249118
480037
750946
203231
290538
981667
210293
32991
40027
599505
792531
897133
16285
800917
370321
744787
237596
299271
986345
948327
96585
462869
853393
377689
649787
662233
964428
985686
266828
156331
425966
262451
483109
978569
602928
906978
834169
467821
158264
905804
117026
260485
321737
892669
384179
53550
489074
465962
818996
632371
451523
713191
593633
940162
738772
704353
338145
16782
49296
626239
921278
114521
802952
602350
180472
207519
363567
56005
28736
671338
291110
826455
180342
77502
157704
128731
794521
615138
120929
94652
125533
265665
884266
267631
308012
979927
7041
386252
354440
500848
205216
523896
256792
283855
959458
201744
243907
281637
805460
355191
469353
31140
382287
994906
853937
347327
879471
99484
334380
491278
89660
931775
381059
893958
254784
526497
428447
6711
585438
563387
173673
896379
612476
118120
34583
932282
903334
266903
453253
899172
375606
870739
706078
656795
740625
557188
425453
68595
738238
362770
427741
164566
424905
850630
409890
522839
573227
168046
205853
778580
510736
986365
34860
597565
601762
392349
975913
153505
790501
284642
375917
834584
267393
291022
440217
532406
153909
106545
742344
749474
293704
670432
69797
267507
24176
913555
625746
770314
570390
545837
804076
843051
733910
984274
791833
564653
69678
688883
582102
79188
646484
942772
93504
361430
198206
893259
692924
979644
848270
902752
187809
464423
368487
325459
225319
917905
328890
543926
729359
536610
741276
223533
264642
137018
352607
192759
882835
89089
534957
196605
511839
109502
294061
497127
907358
6003
300428
418600
352368
519496
112096
311538
302435
578200
987075
237711
409618
772645
498741
245305
823983
163481
895009
825630
570438
532630
932329
395497
53625
73761
818010
244347
96510
285043
326451
78263
433768
425701
729729
979365
103601
807683
137121
139505
78797
253445
279610
987756
33012
140874
620586
995992
60098
596041
179387
608163
418702
175185
901051
989231
101378
195097
115591
534141
771626
885206
476066
481047
956667
920481
471515
196476
905841
611658
160867
60320
23243
215449
288236
442265
658536
30381
455544
420407
598800
159115
240701
802856
933456
513128
882754
163817
521410
223742
211991
812967
335199
337113
831172
982270
456263
29887
347720
513977
414243
201368
88812
211953
925942
779261
699225
88380
585244
529900
752197
506421
786634
407032
836346
943016
268311
261553
551632
857158
24108
457530
943192
972810
301887
300292
295385
760053
38824
601018
442963
814634
483854
283977
876779
192030
528171
400164
873244
43079
257680
555135
111215
250055
739944
308182
224319
358870
976448
965364
707762
418942
289660
730647
894898
884764
830040
96735
543784
403870
132124
648807
662984
524947
959083
456276
576112
870375
417718
692786
799267
371351
775604
340436
921481
82185
966215
560921
853479
539445
63745
699874
678628
730034
394126
107422
691092
59965
579048
505661
36529
436382
849200
749855
321088
143661
304653
154325
199083
118892
361022
220992
186412
390816
207697
588749
586128
123390
929966
752563
452245
906841
446357
851184
490026
197496
781159
344767
350606
762040
509441
432147
959146
496790
49698
180995
22922
64241
563337
486083
584317
314772
461969
261128
821668
750943
309997
307112
32696
391251
239842
45900
846072
738814
477855
465519
250688
814259
311439
891282
11351
862229
977367
500817
562078
262814
685362
760713
955628
471481
998297
234727
635962
449429
299391
323718
645668
562432
574125
879878
726389
20857
884560
799829
683096
798643
788270
503875
255756
543645
702716
577069
200035
895901
208568
577672
112726
808235
111573
148091
747900
426819
250319
2462
338264
569905
516411
465895
354277
190011
100915
150338
282375
933019
659720
541306
149748
377991
147558
490180
766027
181827
473822
529206
587778
815984
763913
289188
913934
711261
945968
770299
65277
914823
269054
198531
375133
80752
919467
923506
786595
152552
782141
93993
538734
334656
975715
103468
650660
376023
16132
229826
295553
734255
272368
724751
570832
853717
27288
312339
697284
870610
583601
262594
171088
673081
246287
552081
76082
370485
705972
493479
192772
5575
388499
113059
839508
84294
863833
27578
902003
953516
728739
209781
949519
288006
13288
554586
470526
548471
116128
641695
75302
636300
380866
153224
941300
907050
838394
428671
960844
166738
467542
93418
42196
269958
256182
262743
124604
52487
731323
666045
681787
499424
58643
938208
381533
817278
976502
70654
562417
437036
385492
654896
880329
784547
548386
958491
7932
772177
410471
793056
76846
205521
23184
609291
73630
214697
753646
442192
293435
880440
782071
327420
771506
431212
371350
682347
367354
491307
304133
200966
604538
672265
356497
666983
789439
626154
385743
821142
914727
484524
526526
855207
288382
829695
527890
929654
500133
838839
978544
793257
246678
488276
546486
133886
804928
576617
593326
689674
42922
343798
776116
896411
636307
575748
15497
431672
836577
354949
77599
316790
466620
309365
584944
366929
140611
581654
43610
23133
677923
859561
637525
969085
548930
209902
129059
470556
158071
28961
557705
650856
425509
48415
667252
238598
466765
574200
205690
528567
747990
607363
737597
747832
902217
715378
498632
268073
896083
234046
504859
974021
168362
928452
891160
532801
687528
778330
560327
339403
596335
531801
321338
61578
954441
301285
661604
799946
540899
937387
677960
888860
943431
334932
234645
905151
460185
498971
329853
544686
559764
470616
493134
539348
730891
370404
725534
233630
607010
152026
72703
857059
546399
723863
653845
865994
208114
628664
538655
900842
493551
109332
117368
693668
730926
243745
52924
408360
400045
867624
728711
445287
220903
739937
205616
819272
515052
928957
395949
627382
339881
755800
913731
277391
200253
702496
320863
115869
640323
866137
95357
315934
829748
975503
963798
303537
34487
745888
94026
757656
5040
618235
826584
75071
187106
674668
149206
906941
90984
504727
195606
581544
852071
373628
189288
355787
241336
7921
609594
838326
740031
918103
357998
532204
467516
885442
838667
932016
233389
958108
760961
194647
98727
56923
987357
916067
883829
999145
797247
689741
840769
549274
929026
512679
189
626733
304019
546935
407393
712171
107134
381713
609187
383703
306007
939387
912402
849732
330178
438918
92280
667946
657182
395966
623880
412234
907959
66053
294497
905251
568356
594867
1885
487664
478298
390823
793176
500592
936707
271070
310570
673025
862331
371085
411380
452123
435605
264948
178628
361459
397793
217408
491871
588466
481090
407778
382787
620752
82163
677201
198398
403977
563075
324335
654478
88641
528961
494739
862550
751138
85050
574121
661452
845850
541177
271917
204544
371875
249442
94175
235605
735645
891653
927035
133478
308817
943233
358472
294787
764130
555854
258871
934580
451675
728565
845651
859978
679787
388237
851060
326909
915040
126739
355451
218378
714898
835036
979094
295791
553927
907211
882161
968672
930717
911032
609721
853089
305597
385847
92970
910315
359522
286138
625004
377252
333930
588891
589821
67731
990539
548595
342654
332420
997903
443477
464273
401041
469191
98096
365687
735702
791473
502718
829544
948104
241226
89411
795441
406482
847192
637309
954074
54264
969631
341132
304950
45450
997065
861618
342974
188280
555044
609760
412207
742978
395772
420207
678467
475658
185801
583341
20245
455874
59238
69539
60873
793588
655629
439940
894723
337475
854878
55677
563502
123293
804238
993604
258648
324210
890718
954322
946123
686433
236917
359119
560099
541997
521179
353884
982306
454237
755579
568471
192593
847448
499184
390219
167413
160394
303135
825484
625579
95010
50977
300096
627663
73755
882294
734526
71293
875626
260463
619820
661456
423131
214090
19871
283189
467495
208325
118359
964175
296576
575768
961097
479882
551504
334824
979835
293509
632676
678108
14903
228941
178423
74949
895713
487491
270000
317776
748246
538469
266351
483749
410577
720178
951151
93201
63703
690056
444585
262773
498955
864107
886915
161979
689342
109301
97273
578140
991928
260254
831411
449963
367680
483464
536683
506968
570529
644626
425855
958541
558745
221592
154461
109422
259809
370289
556676
430120
691245
88314
535176
12629
929801
75327
348358
326519
458219
412962
567784
259947
338293
640792
292132
577204
601513
861382
313161
201159
881897
698134
346378
957622
860554
520535
171482
458779
376718
605760
637696
654678
392842
398004
751024
7803
576303
231896
591154
444582
322058
557420
11000
740326
778718
9816
386990
818149
193534
808295
695082
439572
704549
832444
870389
654913
429668
218662
30623
991207
235784
937781
32614
214165
357518
733597
19472
406076
840145
57471
815418
39609
524419
189807
173781
560853
925517
936630
681839
172776
401978
599435
339999
508515
757294
191234
677206
761059
710032
602498
558668
998159
426877
209151
989742
132177
706322
961729
387259
190738
788308
209335
527256
95629
670318
864396
261339
952540
422399
539691
697334
212748
194268
51885
278463
955422
295244
969906
365164
326332
538925
94466
595878
787007
275107
224816
804052
725360
782634
753046
115345
558685
191425
787030
129401
250723
858533
296414
360645
373554
699849
599426
377359
567112
708310
495026
990432
655446
322119
182696
729619
86704
875342
330985
632996
784532
11890
777014
808587
837543
668251
959350
86181
433745
570013
270873
165418
157478
526264
726518
599873
681953
964990
842642
569105
584353
881586
396844
746170
324530
537088
857089
553899
323415
248233
58079
168428
251476
614545
817346
49876
239855
162415
95775
545729
767745
672568
352102
281645
630419
144982
22364
513514
215921
268102
186930
480840
815384
964327
703584
295319
220044
547317
850308
993360
863996
709785
428913
995067
139935
979223
497963
262722
549742
629527
18656
847838
72440
234891
901647
610712
107888
250799
558196
548011
226316
475307
3976
60336
817513
849979
356429
429529
629586
761384
541211
921425
9989
494131
510277
323869
869698
15748
797763
807265
759678
638676
660642
61449
106413
942986
13342
174698
751860
984252
504462
985112
873902
698310
92751
294115
911242
21645
296367
571591
880363
650009
612243
910417
101954
114814
423886
423933
603581
18049
634964
422119
689871
974070
883088
862922
890365
612329
609185
832498
975747
980698
411779
518301
506194
705253
652702
639383
313834
974043
584317
298022
171979
504060
701599
193434
345536
53132
2337
161852
824540
221936
533286
487359
294544
484375
81950
351895
245789
73172
776719
817183
858828
866571
745372
677350
411772
268843
287780
232532
108831
654442
275757
426242
729375
341458
191864
167497
844905
867411
370463
75841
177443
950932
929551
418984
412535
714344
762287
105066
846502
189629
401289
8916
370788
471489
381389
953295
378957
990244
961293
566552
742599
125973
808923
983281
57891
289896
975040
256964
887475
330796
895316
999606
741715
997856
818736
429212
309039
710082
461632
615240
441246
833797
480687
749910
546267
206151
858524
583292
871417
901259
879966
319800
211024
169777
546118
111521
782116
804467
553116
257661
685084
171736
191991
238386
103006
728555
631863
247643
315266
248415
727659
48267
268888
413202
123829
568025
600518
151183
517048
892673
363488
910740
239447
759689
143594
211747
286306
695623
693829
743665
409161
31039
358750
631819
832579
656000
672495
746174
187208
498754
224748
273369
403890
294980
714464
526767
79233
195979
649168
129660
863142
616099
150207
647249
529498
314769
111173
835192
484525
938422
77393
571179
799318
736799
988896
501117
475158
588741
997734
656896
382497
818685
700118
735060
368014
402953
196188
733871
968963
920591
95359
460862
860430
357098
336497
33391
730737
659341
532343
498992
674409
295805
785686
415400
670442
193710
349086
737639
823555
297846
246266
96272
5380
400626
676328
182295
168951
946061
392337
647495
596720
6662
430224
989996
574522
205771
674600
953799
602401
135763
74299
325847
746066
368223
482485
101088
273236
38812
555799
755591
123573
787181
712366
731098
648182
513292
809208
123082
643649
459999
630827
591436
555194
803471
996478
755417
32392
178171
759077
899009
340443
207900
396311
559450
721045
591885
242817
950232
715689
31238
457388
80905
170297
327072
723529
257188
249892
976569
371355
275600
215443
696063
835029
593566
314962
938594
512118
771334
666065
801707
183961
558349
27744
191059
477535
953692
224928
293200
814340
385488
470986
784464
846855
51446
612432
868876
756498
415443
328843
184687
680702
499585
707311
196059
559307
709443
982357
466380
235617
912281
179360
490878
15429
917953
951315
997934
26893
966540
196309
935353
776063
530091
464321
299102
850326
664309
851271
344891
467735
132961
727908
626825
940957
678832
509932
595302
809889
20661
174446
363031
631596
714737
108757
205062
752640
183473
358164
36675
375170
334906
77624
21854
789146
643259
769879
619491
329961
84605
938554
423150
935755
710158
530253
413548
361505
419603
544869
780841
440828
383528
630180
789208
836804
143594
14486
851385
555296
809859
895726
578222
269012
741223
472141
696471
757393
183284
981663
220943
839292
704863
940506
614289
454375
868396
736003
913978
800556
502935
484202
889316
732557
291247
21395
952291
797720
364420
55560
381255
636751
231255
608265
201683
332525
924166
343023
163927
711091
403577
341734
36780
278431
165645
683529
496071
675982
252275
190301
927528
29478
732108
959525
790666
785752
423617
634106
461233
791732
665004
977414
788288
406199
26055
5582
833804
536908
225069
979138
632908
890985
81018
375675
910779
964086
819340
319298
276906
379872
140311
497884
387421
183858
551216
543089
437060
410940
718169
675383
46931
650337
543447
619778
853718
364396
659186
238103
754552
574846
928281
531405
916772
319009
690259
380775
504028
348456
621242
784853
210386
3583
426653
501036
393968
750772
761404
542564
919416
340522
639907
336021
543280
339182
743376
164835
551501
795762
179601
857912
227451
436252
235331
232488
556129
708550
269016
285594
287817
783246
65855
518625
273147
704653
876002
833575
524967
50986
497856
366100
719486
332137
393908
905557
613934
442785
756930
675945
920921
604486
509936
126811
394086
232724
127060
621383
791515
993303
920009
150229
939076
917998
354514
777540
257362
444386
62527
12968
342202
80411
942633
787638
13533
658319
73257
155672
825767
81402
116092
879260
658404
403903
214492
629887
119127
169565
499797
974686
825806
172427
649266
791971
107700
34450
707102
169351
611802
801707
532782
857906
601245
333962
321117
72654
532772
989407
244695
54835
63893
321418
809801
787734
710776
69927
962246
999268
876478
766939
693993
667307
141153
70262
468429
422384
584571
564801
32987
324091
335636
119204
372115
707569
78857
815668
70449
314986
806712
338717
761194
342401
726734
871062
894602
934747
250812
786264
590428
391900
936717
712999
86045
3894
190704
298336
513687
494058
684726
680338
935314
395601
26015
485691
843276
164681
592499
87024
613940
464148
908715
929446
380556
661741
530942
287340
475216
234482
226113
288138
222566
434628
446053
19243
958734
765503
490583
883051
166747
83243
582673
399029
875641
781562
475811
835123
603493
819057
247618
946054
315539
863180
723656
932568
291911
914246
86577
160323
614132
553634
262669
957905
905831
73402
574798
211430
379627
496685
416102
135757
310739
304630
64263
812154
632961
708244
188654
235139
427833
130979
359362
834200
574894
928798
293913
293125
428033
91521
950180
606335
636638
328647
610220
161198
726918
704170
349293
625482
743758
813429
201142
176634
276154
371417
669628
422406
283608
907826
577769
765643
388691
711545
772801
949526
103887
513744
636463
431607
438026
357155
195543
357360
845635
207552
86866
15635
748360
249475
827631
215908
787636
377366
544106
970943
259102
183541
750230
653974
439383
539789
489180
15626
849206
355529
134682
643340
261862
663438
18160
536567
645868
953491
775348
771263
377713
685265
294019
778359
179972
424851
345289
632521
52085
296387
671720
751725
470201
918357
632880
491880
287768
158604
496454
437773
447812
445369
720654
262227
317477
630397
839613
641506
607307
462697
921173
738468
860540
56986
638916
321661
843429
296591
938650
829977
172398
867250
796621
438545
272428
176824
751346
346311
185644
65298
872334
745634
976447
552469
131365
224800
127270
770653
797535
177763
337045
75741
17303
856236
436859
808051
753877
233536
784250
498445
877871
321318
865296
863803
778011
953973
561741
711825
135526
340604
653588
68909
198056
616549
813836
26883
994564
710342
95831
249953
999548
826964
51798
181121
339706
517230
984204
298533
176260
785707
622573
37963
44966
717680
802506
330312
989956
357650
319606
163950
919437
92250
460753
69393
107741
501981
175164
409368
678288
823412
369677
378475
202501
591816
387725
869070
706528
604789
637353
323063
496017
725505
47714
415372
692333
734226
245005
299482
341894
140412
555206
548998
116549
607963
853666
915004
894357
943392
744855
343671
203965
893380
165846
64719
327062
633545
207281
676423
931461
971665
680607
372062
447822
621875
829829
56300
514370
285163
258611
917086
977613
18477
166361
300744
664972
219290
208822
143829
591800
822334
64696
97605
176970
723054
120549
642451
281982
797632
735346
639658
838554
137314
619386
740124
812950
994584
539751
841716
688638
183623
194267
379836
298377
955460
551115
144269
150289
389321
594152
526054
811249
184124
635642
133795
438343
37826
756136
851143
689360
4380
7935
841710
834833
121540
201487
612986
800051
720767
690230
606710
57264
413936
731536
802300
673126
547349
444283
152397
52197
777168
852838
982685
438972
844328
942484
179393
393864
759507
406797
199219
921086
647464
148737
76345
611495
93977
154506
1290
28080
909408
731117
595240
401899
482503
752857
823730
709212
701410
29703
589064
995576
684586
864921
505046
532921
665830
281051
374616
676120
25485
33048
909906
172938
863828
476682
728958
968206
107088
60027
814574
874189
891707
239418
543726
374051
765442
205038
809989
163286
75677
587975
552874
941828
254434
61393
769204
411052
419605
403951
250366
768039
293710
350412
952290
430922
787728
198518
370385
513614
538484
76382
978501
50007
526291
700739
864832
117729
372540
299227
269989
364817
996660
355081
820894
739045
314584
538737
862025
321319
692949
400989
904762
883123
262854
490675
581991
131811
308942
635663
748839
225347
427458
646674
808542
371130
773244
64062
814031
558003
526934
801460
816579
146566
272711
787622
689024
783912
15812
194212
477070
331723
315284
601454
760327
387603
443636
659078
689035
567304
277177
861930
206040
836596
368090
914250
65775
679612
300064
32822
49397
668422
864871
476205
556826
417545
209996
859889
813284
981230
586360
841709
761945
726943
761147
874806
610761
441862
388046
317544
653599
831919
62923
211749
456994
360363
423377
337253
764150
615988
865431
937084
432812
863072
962659
378984
210439
974479
983581
168071
30111
725136
928398
218509
884105
722713
511510
221068
700318
758287
745325
111127
258614
78191
736493
557009
746412
77468
638434
612360
693166
476354
628991
726705
776050
218137
445466
305763
157848
986396
993453
913463
606176
913279
441498
899087
750514
361659
613696
489183
18967
761188
882753
516009
653909
35702
703933
651492
782094
120210
75972
298739
485708
868023
330323
43021
497759
377540
471475
589751
997769
574311
269452
906632
704027
828220
715339
770175
21533
795911
985503
251304
981177
16280
675427
83764
400472
678188
588561
730556
580494
377280
517316
290552
460451
183083
363095
1569
466146
953633
614369
388650
938292
436753
12370
959467
666821
603413
844472
950819
175772
953605
662721
585968
643905
669254
187902
762807
793639
484368
207001
151002
460903
726059
769176
534216
702784
267254
29561
109213
573229
197972
64236
623815
730043
513975
42547
170655
180707
901068
463577
586768
92631
525858
652502
28451
104983
686445
194914
72056
304772
370855
532028
579250
429755
242285
498521
503505
475608
104344
585003
485398
463919
400483
488196
534262
96167
944875
92967
458478
970770
117984
565837
479623
616318
684789
599986
939984
127064
133191
299287
582835
615828
737416
821343
661692
21423
225757
292129
785393
653303
362698
653113
111222
916050
995703
108734
833770
455734
130805
382722
380975
614974
812681
697938
700610
201455
395408
539363
659398
940021
439042
954148
997268
71781
826209
759333
650968
209467
29415
72382
20221
247245
895396
15217
5519
296116
669455
925054
31802
65828
572351
902302
754596
605377
498459
809228
188934
807273
6286
154413
914507
244493
413799
666128
858653
508151
373025
905091
611031
244463
177505
997708
445884
612825
481489
361874
458850
464776
4527
764698
127438
555392
610124
587634
285442
514203
936558
319208
71094
155494
493984
860291
234650
193175
904511
953308
203621
245225
783442
788011
383599
378376
46700
896708
881252
228893
853436
625399
876434
732400
867570
840338
783567
514723
753906
89173
900505
500115
428535
522074
801139
408726
302656
614345
525721
888048
132019
205197
865807
786147
458177
454718
264647
853757
82482
497689
737410
360855
446966
689657
725426
49379
478222
112242
657462
341155
638256
706180
44766
335418
298987
448418
237626
272958
106196
711448
916066
178047
905006
38520
785634
784405
399947
113580
450276
951229
549978
969155
33674
886159
993326
288376
186985
554778
788326
691492
621459
484398
608998
897883
454317
997820
571798
814566
271516
221064
741215
619024
786495
215680
840687
987108
978514
191548
33687
361276
336740
17984
578628
46586
159206
529153
425938
410924
381313
139558
251261
144874
789050
888340
960027
883860
743022
449504
443058
877347
637240
110805
370122
379048
447820
379356
117359
66738
139089
88520
314546
693491
972395
389922
618146
325003
284547
230540
520278
931247
889108
73776
984418
773479
728823
475370
733988
797330
137704
846995
262352
381505
881482
992311
871980
579658
681224
920789
733575
523291
518672
704727
325212
678205
975246
970526
283042
814617
116975
228998
162877
469898
47827
823204
248206
897616
835403
972845
965878
241226
378032
675869
362089
116493
879986
435955
472723
639099
387007
640651
733730
473012
494894
616081
44740
966295
838584
680020
491347
271276
573425
543725
761185
25829
568721
189577
633463
361174
789618
361317
88980
90596
396063
80011
131688
459824
242554
585284
842021
356231
684626
463146
844141
432814
418622
743805
388509
736980
58474
793183
907865
478414
359924
871565
224121
8406
94835
440591
865432
317538
982893
319934
950564
628935
809988
118396
331636
620320
226648
305474
873070
573568
442877
501847
413749
213640
797998
985523
226383
64653
178377
921412
797696
161941
992173
216572
374056
557728
389520
993762
287363
566658
134373
665393
214141
400367
406456
431819
838537
65399
380155
281842
73509
309624
760710
606844
195434
657208
801747
450424
770198
30622
866104
987992
375185
256017
117853
638324
455114
691725
228062
382596
610191
97749
593103
62560
351568
63912
322971
61224
646620
193858
672954
939515
381645
769983
282485
815845
920853
259549
279702
315666
132964
544241
293940
329892
93808
753826
854832
655867
542182
678847
40274
911445
771808
467879
494389
647416
415624
996158
411456
975574
167702
35640
252147
455091
231651
792450
583705
44370
570594
303918
960261
962150
372028
914048
537650
432357
432067
317972
881150
958864
318327
727395
4882
937808
766933
89366
147658
147270
275737
782903
191620
533275
592776
273039
627811
742778
113444
719401
944252
256781
470366
659976
338610
728420
254111
282637
56276
874359
606705
145087
565417
999797
404914
813452
592869
163765
815091
443594
959989
848402
868996
283805
555916
240713
732401
587882
299959
239764
394014
167296
649769
40352
712188
684410
514372
159286
299700
208776
235677
74717
291843
952401
653800
437001
826561
750160
671528
775781
8260
883613
702842
525443
743097
456675
746880
172378
434104
546195
244705
400859
32354
382704
316715
323115
127919
901413
219149
614477
757780
657022
381180
574803
491383
243964
684354
128942
47783
403955
624843
685300
426600
755605
984034
714354
238463
714560
407394
374494
124222
483206
822417
715659
361722
68122
255046
815485
284132
132612
969461
521862
187035
77613
980375
312935
836914
116003
660325
915101
288196
237510
29522
328630
84133
673393
939509
955122
968050
993997
81787
959356
55493
866982
812729
585807
682413
463655
705697
969099
969991
212271
353970
968384
504144
111666
264662
230553
266468
637472
711517
205674
142585
157008
284111
237591
211921
960044
21533
451968
590723
413554
176152
332609
594692
890556
425982
475933
990826
584180
310137
907618
880707
582346
146179
739828
546342
748084
513677
684295
780088
680233
679093
80381
89838
688564
678267
264820
755951
888030
778382
413656
232456
643663
120318
236779
302603
791026
461719
378940
362911
38621
646591
452235
831326
259149
631130
378032
472626
406169
407133
993706
408397
206762
843612
661744
491748
79738
591202
959097
279681
363096
103842
742118
747076
694339
286612
84894
984273
674200
772270
520256
297383
64730
669508
898824
754953
29081
594367
935420
471933
331628
364488
17158
479403
923892
764087
78242
825848
805443
117678
707607
860107
313350
822303
925323
678659
470935
579869
520341
570705
248761
994533
428259
197520
171755
786308
705370
311899
353479
492020
877847
960080
686828
650206
987561
506915
17148
682868
728677
19638
415112
388702
964587
734050
469738
740963
755324
386157
391047
623405
652314
902621
11291
660308
469991
916109
222617
461112
532281
82265
499975
943523
174083
648868
839428
202675
889133
348246
512575
613421
951120
982613
4517
444567
696269
354009
240446
862438
228418
397865
700577
964633
128541
109630
213346
274641
275516
837685
293155
196021
506196
236342
481272
8669
705969
217918
957298
503769
125893
399212
494696
876512
157568
502142
626904
580217
883891
973455
37582
856671
232234
634981
323898
949652
899887
339990
541234
445579
281604
545306
439792
36320
715647
238083
990061
375519
172487
93837
342266
843915
965914
930034
847142
121885
503279
353252
171856
546328
413302
718642
554401
785762
224680
956143
565489
390388
361513
899698
461720
500181
332095
775145
476367
448927
189243
15764
415920
496704
824983
336857
978144
454988
866764
562067
827420
843112
133777
290225
326873
732587
908736
876360
364561
897172
427243
981191
143986
47720
906652
617477
491206
835467
898728
913159
660729
847714
276537
529377
955262
324406
935978
559767
605596
150828
332244
498080
97923
927675
575948
1841
55366
354581
998267
645333
316136
691303
548024
834780
291311
502778
571181
558645
98064
263533
373576
18969
253442
600127
178544
774217
865632
76100
249908
429934
379852
118943
429920
768017
360473
684043
562148
967257
486462
870589
569906
723502
685343
636892
903204
869247
373724
145402
926930
156266
209832
522395
962832
486644
196427
592770
220044
417674
149762
731361
45610
117536
450561
798645
217094
709354
346951
60928
4682
435129
474992
490290
936353
405056
136186
492513
954772
989799
109640
459000
384391
46862
66159
791611
767419
479592
287361
548564
293495
95158
684216
734651
169253
540982
485328
461020
307497
40196
42746
866200
82968
433715
766531
297786
215986
946817
44028
929321
293854
2048
357640
218644
830953
419383
997789
680476
987184
34178
739696
267116
963477
70355
249991
325454
92253
568226
660475
211390
293982
265695
654935
530338
740484
515068
354119
27853
32221
327526
165129
694235
15261
566421
455171
981848
915423
279639
423709
228943
209052
238993
768153
609923
597837
389634
693281
204391
565390
542880
599139
493048
439478
268315
857330
737779
589201
561023
137198
510137
174397
68116
183420
553946
60766
549541
215892
476762
350105
970841
182959
733713
675601
892327
10389
850405
204404
687473
305298
541010
278157
871846
201484
411742
614659
825370
648667
380267
321230
996319
54793
206712
508103
660645
857318
774132
62895
190735
685925
414792
401402
396013
351032
935944
404942
419455
720255
287
475022
618448
994404
252454
724927
819298
914787
692003
709374
937079
596987
902182
322716
417359
821247
378742
745804
190292
29752
162378
176112
493340
133216
896282
317348
39395
889478
374420
276897
323967
214238
313243
90130
374994
517020
643208
597445
559407
623391
535504
302576
537160
810086
552386
642920
189016
637165
314850
413339
140709
50452
462194
769235
266848
774631
323735
776183
939551
539387
781130
98914
123854
117943
641232
670193
176785
50199
779333
993052
480627
128244
187584
954176
938226
184716
731944
823975
330935
24003
268057
762006
455643
113891
98486
601509
518578
573172
878975
960558
827211
355424
925013
430551
33797
518166
435220
880274
445763
193464
277756
296735
944135
378369
990032
21078
181657
286553
19594
353366
139597
355107
35080
951961
631592
410430
812376
611694
29384
998546
484771
353413
286003
537219
511183
684982
906985
655942
874175
872317
844986
135354
824879
996153
372985
603285
929370
813947
756444
796882
880777
97004
16744
536522
506733
20126
793462
154125
958961
92311
559669
321431
446402
731349
637517
342690
955564
891332
10337
249950
639292
471984
38813
497387
22155
529778
797982
115772
636630
61362
269078
356934
808702
1531
16602
223792
38539
699137
526036
116618
616050
241014
901690
938145
944727
864542
203261
771619
902764
731619
195858
287940
561340
870618
735880
163543
305481
604819
524072
620168
789659
258192
834750
543519
258779
761468
441197
367424
612106
153429
245840
756824
266920
357035
912451
740184
178187
296016
399771
946026
497870
947013
471346
220500
689951
944562
514691
314796
65131
977699
843693
17851
408658
366909
660280
832331
52420
859829
97842
33943
134500
514667
714850
991196
385854
8693
74275
314936
842612
714625
776961
939173
731661
780628
457945
959414
244292
918743
189353
333907
920432
610698
328359
749689
898066
781159
101597
143712
356319
170233
390438
697441
513424
155891
136706
72987
542140
40392
447472
835933
49014
686071
975535
366008
624246
962412
208737
858214
683346
29346
541380
172933
886583
83275
686412
769996
810312
9730
295402
169426
258869
140321
19126
427778
873583
294530
639905
530422
263177
427939
531822
296199
867326
676511
680803
796375
880454
334477
521790
139739
890882
293016
229073
279588
766914
868280
429444
426689
951275
812497
578384
172123
299792
407040
246164
395550
492633
188599
29625
657885
159132
72458
191549
15365
333747
576983
929650
732180
22055
608493
168643
621730
831283
481458
927384
285236
477506
447066
68856
65874
861548
108642
359095
522943
150806
22579
833683
871342
262719
391902
79279
904738
540739
773598
454886
659943
556353
592623
765177
373989
267257
981913
597041
418586
81476
285717
288804
179352
73973
276280
975476
366227
949550
87726
190635
633283
921597
858785
729676
644871
949276
930914
277429
765893
837041
171013
878834
635023
756725
305788
496533
305945
401359
79614
595719
993120
932426
452778
365087
259818
686924
722653
309507
294517
768809
366262
643177
345287
886846
972321
155434
717716
394204
817069
434390
574077
796306
752982
875628
515837
159528
513428
807228
394204
516162
404342
283325
311887
318470
360053
801964
428345
926173
612237
158971
980543
428022
567742
595163
628137
568957
872067
871935
657165
154200
905077
93867
563305
72435
189088
419315
852660
901587
791500
249690
55880
683266
44689
518670
531513
345191
615244
469587
961103
970095
394445
352590
10430
871632
229843
192254
989377
627188
300830
90338
390313
993252
122722
134320
479714
594837
581300
122280
261476
41020
458726
162099
836415
749955
239832
688612
888751
574290
894778
129871
480862
165495
467583
351593
310632
975376
162001
883631
977676
883754
218929
841841
665627
510604
623155
592901
402895
877958
427939
125881
685934
480537
416998
54574
221140
780111
265273
386151
238901
481046
586880
677614
799051
933221
768103
630464
799269
114757
626734
309471
955343
681257
324361
490190
499700
371660
801259
68630
757939
798231
679248
517692
265463
701077
491420
559142
654490
335822
871402
163071
834244
815625
440855
122202
237415
313586
720101
434819
628663
373931
127031
595802
221567
179162
60510
181435
542254
910
91961
192577
937820
620623
71760
594745
34359
38095
898992
422095
493025
570334
184853
798071
540841
744288
275311
149259
847437
526539
113154
888996
692144
163104
710674
346076
721948
143467
518693
956039
386367
454679
100406
771131
149963
863950
51854
486678
684939
161332
268932
212798
80956
892390
841533
411334
428992
727184
558186
520104
951842
813912
401989
738309
677840
337312
72600
904965
690295
617445
886130
177098
520627
303587
97449
543285
546125
645302
226204
594974
237928
425008
102671
469388
571814
999383
344633
440991
161333
705156
879790
102957
183251
408306
753898
368880
499302
113832
786730
210669
765457
325530
321677
922440
578825
202618
49210
567275
48337
974923
977529
722990
504360
176162
94760
415974
831760
633961
762777
425336
959534
63850
712345
886159
882515
273521
797257
309720
796773
205005
428427
102481
376707
680588
638278
403601
430667
508902
580194
439003
817035
390983
7124
717098
927029
574028
986626
157191
944362
681094
209574
273975
721942
521784
567519
20838
873613
883882
234740
11550
897824
92550
800803
480597
268819
142073
960284
816700
1097
28676
138090
738419
308932
390114
887555
560325
317624
474455
398848
664250
938666
364970
29572
421461
877658
924949
440644
101840
907813
163008
250719
814187
40402
319361
104040
672090
464909
446305
771432
920265
600396
143355
510605
795324
794430
394900
995637
182526
818956
339507
849088
507069
21601
600643
113352
990527
876604
480498
880299
782465
119411
265748
76899
382223
605421
366539
156664
664508
951182
17501
55780
848844
161107
181826
170067
733862
749943
580412
307483
585298
414240
333104
87144
344286
41855
717481
521570
445423
928882
772646
995195
375476
384973
503103
97440
264785
89770
764588
763239
901584
479107
870677
254216
713968
679079
316072
503454
561999
188638
641849
557995
288783
955353
969924
589104
68091
212850
681537
48162
391906
647978
503298
824190
58309
128099
196567
440088
892590
593802
534861
659990
183180
959503
129285
156187
305933
169729
913248
64882
508780
502721
80629
650501
105601
631665
820362
544347
123956
637673
978174
910370
130972
239744
214073
93102
499288
763963
984936
231544
76818
996578
949577
36582
403336
99541
145327
936249
642965
531505
349021
865831
847476
182158
440701
211150
829855
856989
576700
252564
835203
656569
378935
6986
115863
499154
13308
265385
566641
841255
931148
822994
472997
552816
920329
375158
891081
849847
517185
987302
257916
981679
111443
95812
581091
487804
83896
183287
762719
544361
327737
223281
264887
951840
787220
121255
916746
955930
460244
465454
220429
253509
481239
625354
570872
966325
374188
936922
748652
996867
253031
640586
813436
631163
988007
167454
870334
619011
734331
611504
831198
576216
579186
642739
909241
403460
558533
97766
794543
659735
486091
972729
212304
693945
833695
478603
943846
303052
719607
579983
315453
101147
159023
719668
687398
291966
675371
179137
90010
376468
699800
200941
712664
715929
971920
899017
454640
285590
643627
689476
676883
153707
431828
907123
366073
738300
177610
678757
993556
786496
314176
98633
831413
241844
654857
836504
213908
344657
70996
661886
80825
659937
811789
274715
228694
435140
47533
187044
814718
795102
52212
39575
181540
311147
693048
534941
863081
428906
594013
231803
922469
768046
333385
983979
12617
279053
811838
142384
942143
665658
915825
682940
978809
292673
373771
638622
274199
308045
917308
165351
872459
945713
798536
40335
259883
977020
126431
702910
213210
962841
818271
887394
872004
316261
896748
604393
260387
247389
855726
923535
897583
170879
753748
71165
561666
666975
639727
362213
707446
80314
197085
912161
581076
809121
190652
187258
133785
566962
632809
78281
58674
424635
948962
246037
786016
662551
571952
454187
631848
592972
834111
875060
243661
