200994
535704
887259
461970
979281
956120
205122
49278
159893
44977
155173
7945
705966
610728
581347
107245
920736
402211
307607
713686
481354
289244
650250
803499
71615
833155
919701
627214
137198
474407
257392
648440
190477
766591
593381
55947
414548
570389
375975
686296
228815
462412
606143
972556
714918
394372
675815
226570
611652
187820
994798
76612
39099
839573
400765
463649
342571
261608
501402
337672
853811
286481
598912
888700
646771
315335
610249
824802
533407
202470
608298
38273
486459
503104
958048
403327
966125
920735
592506
963525
522519
457784
717418
896405
1464
393478
141506
515574
148425
34614
432111
498616
215697
297201
362289
468059
17380
237998
569089
639493
841
943914
692638
940834
116733
865913
939070
47253
591105
18416
251068
739265
849392
406774
761968
333765
487135
733568
883783
465242
308804
916302
799921
20905
325232
995798
953112
45982
81661
30734
240891
350597
632678
698118
427591
632579
519789
389848
550364
522796
526107
897276
972678
198593
962345
398845
633219
167174
93691
69825
824682
376599
857071
942557
997273
735685
566065
856695
64034
479380
124841
772766
32710
508111
255181
443150
417597
346844
128307
824306
55568
978828
971629
789150
525933
363618
889893
933737
46867
373295
747426
893875
157273
755302
881305
323213
953227
850099
977387
538046
746295
44113
709498
71214
383170
975261
904631
385634
205562
436519
680028
514754
932655
208868
273007
532610
284182
948915
357260
357622
280390
486843
735029
931104
404823
711609
239160
503622
626450
375855
725201
402228
706402
716931
272853
672543
981812
122665
558346
109555
868846
923023
501552
892349
533134
882379
353948
935499
945220
132975
386588
842287
394893
785404
590238
818064
757544
977744
239888
900068
340284
345355
569498
862852
510161
543202
514249
412326
399312
259393
683958
269612
25304
869587
509861
686370
848425
272069
530482
715982
872317
231323
395017
370895
61428
497496
412350
806906
198093
440031
535736
107094
588129
372476
942362
329310
61914
612485
552747
925416
56038
201073
134251
867209
221221
10257
318244
881042
479269
938395
368846
499273
475784
190960
134420
994595
298267
650325
46723
129944
763158
367670
19048
794968
862944
500726
30782
814581
874937
541397
664927
601927
114558
556536
297627
712533
596084
577163
139434
344021
460061
303556
529202
568733
576124
37184
397988
228082
722050
193567
297243
314312
61861
15737
937587
373679
690820
253502
24686
501037
409003
613091
485983
257285
604697
615499
853543
504104
774483
643323
723307
464930
812112
795847
642175
585397
727664
140044
297183
43752
237857
313082
29628
564837
221779
163564
268259
84970
842451
811668
305255
156495
605160
949179
153195
968810
729985
410496
704329
96746
243614
923275
570353
550260
518148
475337
596694
951083
99788
130820
870728
379693
704644
532180
787555
365399
565222
423345
767829
53871
327808
310730
72933
83751
460909
997863
784128
61363
187752
753706
347531
713289
204697
122176
476012
842995
363361
103394
511474
752376
938374
173657
909168
854885
254172
46765
281445
556746
873359
807929
327253
19399
248198
344844
206893
378209
104986
582070
926083
248813
646294
712160
54676
382744
350972
573289
909547
819156
229578
719679
387599
180883
385590
675312
206913
915502
870038
836502
154524
229277
973818
433812
72733
505291
844119
98382
478167
783392
306819
85968
196158
292080
725564
465763
687617
380570
973835
513847
674241
771280
757999
226462
859455
927885
807366
759944
344931
409235
1339
383579
688776
848045
640864
881441
783023
270892
576910
380580
743718
204459
297453
283939
734490
636897
143685
870297
972757
430609
603778
366988
197288
267053
404649
62456
878361
545285
94910
306104
550222
138275
664495
581886
442947
110016
275635
315387
941943
228610
779968
47940
708532
438737
896834
349109
549294
124477
58791
250380
823718
517858
846196
534103
276229
959277
516723
276027
979515
485215
454776
824789
644790
75998
765154
447894
467860
629941
559548
480173
680822
211792
878606
557154
263268
93018
168472
349254
504953
18828
567279
525708
842616
518626
898933
193168
447203
59637
642993
599158
801903
239098
854268
945821
941717
547839
635397
330859
810337
947813
955284
259201
356672
155275
277636
982348
858305
380000
843489
127909
497957
678893
506353
964129
627861
162951
743322
371418
835646
912428
363591
534528
776669
540377
157601
699334
800797
670625
226711
619548
261901
244204
589330
757473
13956
53131
874407
409965
313954
299299
816789
164022
322879
641794
975080
351458
621791
574873
148716
825358
378155
474965
548898
944561
594661
580857
798680
741666
79309
876643
170145
791237
27349
318376
81356
412051
55743
905829
949271
175423
437890
176919
66669
473829
268352
373503
485740
995027
457816
625379
542608
613546
927428
806623
469873
693150
175861
403021
487637
722048
191215
119194
663156
36458
797222
297634
95323
865643
77041
528606
7290
160120
40239
649645
621102
774144
446857
643620
423840
580770
391591
920468
747351
549488
396799
732508
686139
743305
156665
188816
922252
545632
514110
571839
846151
342046
608676
103226
984886
865941
239174
785322
105392
664520
397921
90686
411363
745895
570941
466721
900412
415203
132261
241370
205093
253318
416422
5145
645870
35977
127294
873144
279732
336575
820151
454790
284820
973903
460748
361357
856164
190285
194745
876478
401338
256027
967071
844065
403558
482668
134203
361540
424701
835350
225467
963304
53596
429539
343827
551490
68212
213253
668905
888650
247881
793294
163754
112735
2755
706910
577294
349028
301701
796139
276582
586566
293253
900609
95511
488465
689855
311344
225853
665966
510939
384318
850167
418098
95073
672082
632119
8366
444079
575551
197165
55276
953594
996701
666655
801885
691395
427547
671919
356984
347462
469395
210853
884296
146461
846739
965391
159395
298087
135373
414067
345082
978860
46793
671621
605908
618885
459114
399591
419915
511791
785909
66925
129073
846235
649041
270234
854652
255390
981659
533177
733805
495189
939051
359808
847828
567743
708635
822756
850152
56869
565327
787941
291993
587761
384370
665370
766030
321197
909363
90656
97659
770778
928003
237950
748974
840462
103344
881350
551043
162838
401116
308054
579901
879119
98041
972729
800477
382610
632210
706186
830874
677742
298287
14384
402520
659610
453944
87865
912425
614157
335879
164397
696240
251528
236250
666711
746266
187134
463841
869457
241970
791830
94791
289883
818695
191028
347799
704569
791068
274580
455119
370376
706416
880584
33788
175992
572395
217396
104294
492615
744787
524285
957990
833811
936780
448191
746763
680828
657859
747384
61443
341928
342337
585759
6753
919659
387772
796070
221659
766866
780990
641157
161856
696947
117679
267061
750104
918455
681085
480659
203292
366968
916924
850862
579458
89681
954450
693498
504825
383108
238154
56204
692168
603583
451691
135857
897107
151604
395701
482943
169629
851383
538997
210490
39173
794122
166458
599346
607676
712515
792316
699423
757562
510411
844719
952334
152089
873639
189102
446521
46369
953471
82225
152303
650898
373767
621445
269896
222680
773667
145471
41959
958344
939161
896560
434199
335420
867066
556426
813127
232610
107948
686201
981623
457904
644683
80207
131792
495365
276766
753748
106779
805289
650319
860500
98948
558846
942492
846026
190671
785683
654187
354367
723107
891283
505700
609725
266462
427986
402284
255125
230331
842888
165088
125750
907212
912970
419349
2114
393297
371194
569447
367559
645186
241340
203740
999070
577354
565015
150656
992946
207221
292041
667203
311233
798657
846855
424607
358823
700646
606105
953934
61106
394117
734728
584749
945782
331223
766029
268657
272063
357360
705814
556325
59919
688860
389711
898661
614648
976945
228336
349581
700965
656767
720095
378362
39741
524328
388254
372296
347219
205463
697957
736665
648230
187597
541713
454665
244017
71395
449413
289399
682257
541200
120838
193367
4310
873139
921190
513841
431382
69691
480605
906600
76085
402175
124732
532694
286102
264095
235241
170763
650596
642175
515564
583397
198932
171864
972623
119401
504781
161238
43979
335234
908949
454316
867098
701237
539283
669243
798146
173224
830691
933039
901980
305960
212808
438699
658342
452776
161816
979228
900196
900753
220629
711233
420617
909851
562614
590885
265973
467028
79967
615037
538058
559901
542086
158212
375171
13303
300042
461229
601179
705064
600063
225932
776658
553694
496343
817938
85260
172957
212689
414654
170351
917518
160782
355728
50687
183929
326042
135461
944204
730326
857822
441100
25978
409109
754556
790442
415621
520773
681397
155574
818800
791695
517136
765501
643377
908964
14822
762916
611677
949417
559807
975350
498427
402589
161786
275229
856617
899446
487457
375934
99302
768475
15986
41302
792003
307482
108042
74802
39842
43849
889456
178513
76353
515468
850922
933030
983326
225709
181317
266238
535653
324902
323141
396341
501735
415415
51234
297077
785531
637683
568710
556618
396415
698729
715333
803279
956269
305741
801076
152936
514628
184395
332284
541550
459162
683260
14493
618185
814975
897416
63417
750794
178024
956974
349463
885086
173685
522863
966914
320464
981678
749512
679090
522405
937231
374911
175222
633813
922413
74747
224351
415092
932594
331983
501137
904003
914403
86904
965144
896983
735099
354802
585605
98675
546085
147286
560103
824006
858126
266464
188118
692676
34825
740607
813266
80329
645145
261923
936306
864800
870458
463037
989876
764093
709958
55204
496263
20209
850445
456102
251381
577896
17071
140597
699540
700129
992239
220444
641702
606946
977860
242804
417608
602524
914535
807747
998171
233677
572577
943126
501915
980298
73334
400049
817717
96707
875913
196646
254158
528361
476583
169809
674269
899469
342264
139300
512601
975458
622179
668035
737882
626199
165383
886145
36655
261120
547784
387614
408515
103761
625052
132857
198371
994774
991577
829931
556617
823135
306876
788417
33050
936257
481969
312774
326638
829064
559454
728799
396721
854320
885190
198972
858845
537804
2234
422683
96307
820249
515516
15195
421912
795441
944562
492799
112868
281217
468033
428792
883919
526603
784093
73408
636598
167386
606152
807583
258406
627281
349459
885106
821030
329622
260027
131896
276141
906884
341906
977413
206609
274084
340668
12996
459781
485212
658587
925905
688619
307191
646717
462600
975812
45007
678368
80995
255372
197795
394550
87482
612911
672290
595034
848295
831514
765380
457721
382786
799495
916625
68560
131083
583454
626270
273586
335376
173928
365485
259963
812283
525889
47808
376921
8710
808152
857365
658562
680296
440968
386454
222163
326292
836291
510868
834417
203730
265901
158622
624223
348127
31291
768466
794911
411606
635101
971086
626355
24542
601067
324772
753138
867583
100860
732140
607518
986077
743619
701066
300565
599834
505936
490116
830071
124641
15857
568882
754575
78293
785303
710894
309579
336279
765033
344911
320432
777846
463243
866496
101125
684467
364398
171067
927876
552528
606092
226955
446638
310484
230077
517254
145993
285744
316582
354009
733378
195761
99523
156036
770781
998617
914016
943861
216241
420659
574708
665749
703471
444087
293162
594107
818601
929467
17787
379611
564045
555180
955532
290226
939533
309146
506882
868388
779073
541778
440017
854448
732770
593407
558366
237963
34051
665654
181963
554557
799695
536307
953902
255472
787958
279597
8131
851594
24637
865438
456988
866805
586691
810942
700614
980450
276737
497375
140198
920256
590040
865801
186589
295959
773021
59144
545052
796128
550674
478706
152182
838489
146568
452855
835087
815062
758154
678237
236271
763161
469897
631396
448230
84574
156853
53983
969980
943123
828024
449710
624757
110446
277013
721144
635576
158190
66697
260756
355087
895685
194507
134227
899920
539659
217722
283437
639770
490311
414069
339020
725619
877749
441410
88054
957449
146185
930523
237745
949253
914500
994149
18556
107096
447492
153241
177098
591395
742918
338590
869170
787160
342262
370
890168
261576
417133
596525
670530
688071
934641
20746
158585
61923
834236
405542
68889
258058
438833
708660
128832
150199
561667
905400
813749
10876
576598
390279
140779
936241
552276
734441
580365
471601
225713
148539
372358
38200
556478
994001
186085
926045
975610
216534
517953
278623
863689
902045
850405
293423
134070
99925
730319
514563
173812
154626
146231
394800
851519
928799
892053
53147
788145
37410
919179
603594
290853
307513
219138
980175
191478
609860
845222
464684
563442
57531
522163
615106
962043
405637
891429
981955
147490
555851
499893
413240
511312
827249
207908
246434
795425
151852
657676
763919
62068
390345
948645
130524
588978
290347
871361
212318
270612
618400
322844
482198
109417
44148
109297
984060
510546
377875
345467
446192
538173
879487
967668
880639
716760
969044
115096
506431
495281
494189
532000
339309
434396
720887
518355
326154
624460
533554
814818
860685
48710
656116
825485
93242
971390
333457
563512
993695
708812
632065
441194
982204
69574
534540
874814
647922
266173
756175
424473
448761
579188
241140
143887
909396
581588
749137
67790
692501
596215
646945
848311
574488
12247
990212
526161
979689
724574
926259
488235
491917
60492
413916
410218
514601
228128
740383
506971
935611
34585
380556
574832
348998
886676
476505
919577
369400
188635
10772
409371
259189
936246
535843
304113
448198
424343
265310
121594
540347
340043
294530
723460
465342
646876
325653
110854
724431
338365
844444
278498
537916
644094
420957
168978
838461
834761
215889
545985
938796
984058
587696
931390
310577
351455
734406
239159
497220
8897
925176
851881
789996
494957
433542
808719
7394
687921
39566
117545
562106
813875
204496
71559
882482
547759
42760
451458
788538
12258
820623
540453
740420
10059
891325
829051
18825
951439
75470
59682
76745
493640
517005
262216
84898
565797
157175
432246
392793
424836
580267
945861
140911
416590
942496
424940
140954
198849
642176
951127
649959
326890
271606
759080
661812
891650
80123
372935
864156
943320
859101
94677
503488
431419
721509
593188
674661
220276
502731
18951
827828
128448
328390
114381
295355
114939
716664
111000
969670
952867
924684
417873
681390
417666
91821
236388
918215
309153
341113
904354
66658
273373
859174
255123
646835
559300
28729
264770
142091
439589
572525
765765
579858
14272
273441
564580
807934
768169
966554
739382
130662
106940
311561
782113
854179
444672
47440
663595
213343
334718
934772
533027
502450
934363
693265
416080
633884
644727
309978
135747
701045
10632
919509
382319
212875
743242
994874
23651
344934
624237
717717
760409
487918
114482
513959
231112
159678
446846
18879
20876
159605
3988
995646
912080
672911
780900
239009
357039
116104
316716
118466
373464
718044
384591
635010
384839
91060
70485
885531
386267
144663
956463
362603
18788
18526
968894
293480
498738
976867
587556
582390
406689
298333
412767
863709
141218
241532
387967
423068
798352
949191
766179
131096
110225
122561
936882
463715
167922
273648
23262
193212
988022
474035
764566
330230
106223
698803
145428
367841
786141
124290
723509
217931
987736
714883
309050
73164
292153
780797
703992
930070
825610
514162
202759
202320
907671
626425
916814
288099
898357
805014
188740
275490
252226
649843
373156
1422
2197
653994
598296
246801
422013
751641
451006
477223
652140
262134
259275
85991
86517
800006
433706
623668
24659
753667
744338
344335
571914
103910
420848
890565
305009
996837
3528
40615
658179
46667
202418
90183
636872
926632
890168
495349
243059
184776
229310
664406
467086
880003
248642
815338
587096
776162
948329
711892
858756
403974
835630
974201
54554
183857
155455
401413
769746
222815
382651
868318
28721
23233
473439
396814
43784
283890
468329
875835
575017
312371
846367
176201
229925
92549
63074
998332
428518
434169
385921
277518
884972
728363
229250
385498
579853
743387
277611
880917
123941
864410
398558
197342
476134
889390
794538
131146
865268
522626
48639
283838
378942
480436
667238
662804
777648
967197
48552
296937
784280
831311
269502
8819
700793
195947
656399
743557
624405
884473
30013
656845
276728
135304
289446
626336
415659
818490
299000
120420
210909
717620
553477
217679
312601
865793
162811
408915
800023
416566
606287
128259
373147
414274
165845
712642
248636
497622
364941
992464
305089
859677
597835
3633
931737
445554
911187
159604
982423
551798
967933
951780
508104
932500
247991
132875
874620
274790
809207
656192
506968
580912
935796
884480
334940
270834
509934
97345
702848
892785
53335
270942
642151
775302
867113
550035
86344
71887
994619
63196
115718
853813
218423
33673
719858
29084
195776
891928
841306
898803
67603
807937
779916
870322
442602
313804
86369
532466
719013
656179
98554
232284
656685
23856
773670
210559
200612
681233
641853
319031
521558
427590
902509
778922
545233
750362
247771
167390
617056
296698
510750
282260
474598
469240
364400
593602
191049
315869
700082
766073
980960
336819
719508
684937
654586
935748
183093
840432
253725
330403
150308
272287
448602
370685
681049
654578
698455
700572
736095
602173
910143
190764
682714
616325
463387
131694
760096
396465
650061
641413
114256
593189
431559
216201
186276
965750
826583
51591
196313
910189
179403
972951
409109
903393
608680
211345
63234
141080
297531
397761
81487
875296
573242
889089
266146
125416
683163
341520
405136
848154
297112
907678
345056
962530
517028
423842
884300
231982
965967
758707
825308
133320
674913
485908
271086
663925
603118
730081
138372
937120
465059
477106
841869
564126
557442
742557
732763
535209
285508
366263
857350
795712
427150
870086
453512
48379
573540
34391
663906
969890
142962
441702
246334
798466
959791
293511
290124
501269
890576
629766
686677
914634
775953
957601
924751
499987
82386
365504
887783
433511
657071
128835
561350
643655
541707
535858
788552
640884
739555
194464
540645
491675
817210
271000
57781
862572
549679
975850
453795
391128
72020
613591
361818
418041
552822
999449
562205
237375
173306
900346
450786
618644
777779
428464
344018
276996
31492
283293
513846
199081
101373
582832
18504
388547
815350
412013
502729
917817
938686
192892
74241
428180
223298
291489
290829
389601
666154
93932
706958
887749
240867
45178
719050
740695
199781
975387
357970
482502
693638
458522
651988
188641
326686
585175
422995
682724
934595
476539
406310
511427
731110
481952
514974
740274
850465
491225
960086
704856
861730
151991
967001
537505
884305
909328
874895
720504
884645
340242
475456
22558
608095
505030
459077
131135
123510
630103
906924
192143
40496
828605
689612
607891
13298
179975
105880
104588
787406
184038
710565
981615
796485
446797
898341
200443
89213
204883
451517
254224
324898
852964
429531
192052
535681
800167
272185
972348
395460
595478
614472
310779
532773
894014
206597
587434
28864
532785
260665
228988
952503
855273
970477
814590
783892
34903
852189
197719
268669
969804
469068
950183
607501
232042
963775
88902
144516
122015
128322
347719
161146
134140
476947
396974
871890
705266
606371
918235
176916
505703
277510
735163
414188
357893
823332
603180
34677
783741
975520
195457
94274
395097
805718
392605
169119
842439
649716
956605
381765
485596
777486
136524
406893
324041
846356
393376
686568
207213
585075
857380
497234
739877
476922
915545
92960
818273
656552
816525
714732
760509
699951
447344
174959
292829
790649
929565
142280
683541
283626
715220
86767
298116
826416
114694
807950
543251
148680
19350
183580
337415
167206
186807
849023
982024
633076
918512
105458
751297
76392
262104
777815
839940
934414
462752
308454
427665
786754
784498
514173
100153
639749
212910
834936
156877
298407
491004
783610
964111
687198
168971
817931
160871
831597
431677
569389
843329
819962
639798
30009
470349
105685
297563
600878
700977
95598
642436
558193
523100
221958
337607
347552
475782
213394
918829
143665
328873
230535
218166
96716
256669
553522
547367
384534
244364
947662
377213
799303
795615
276418
814346
818153
27206
220180
305998
301346
385086
919548
490233
48903
27583
917075
247614
158643
823466
34494
315054
70893
853868
796159
683333
547403
673315
201152
409284
248760
828966
350933
215153
497571
326615
648619
203529
607425
490616
183953
419106
114012
453802
70148
567656
836408
435696
302731
556296
697071
778179
424682
476001
381639
309364
822225
94395
130146
5659
654695
104461
971930
70597
135701
219173
783774
16871
591298
205232
869853
620516
739358
162806
252287
47129
75535
247903
640326
144956
366696
233579
71852
598745
541713
605031
955155
348028
961982
428142
728717
32076
556161
378326
271228
8842
363760
608471
98076
586463
404960
564086
587191
903807
396585
863060
366893
921250
430501
107739
501228
245305
924470
795782
901027
407611
918808
408005
872845
526068
237204
81586
467397
597677
541455
971717
306144
896862
913653
323365
649584
675911
880906
703146
685307
879185
902798
380258
570617
735365
951208
494703
21344
962305
109617
955506
694336
700396
742413
733191
167579
415647
157539
6463
114191
289015
615570
845566
981763
610313
200200
403010
125565
357720
362774
243596
215722
591676
617508
433303
475226
832652
480383
504273
919982
458446
265028
453647
112414
71109
643830
793558
936536
163857
804348
172592
502971
747115
379653
571329
237759
411416
566530
664303
186143
571798
299645
882013
455109
855968
842151
979261
369825
107473
375355
665895
649103
765051
414828
11137
465159
135281
668346
962037
588909
932721
891218
519359
700442
381212
79926
167050
514900
775043
912656
96453
588813
823946
602641
69275
965664
453194
617582
372272
881385
405023
853288
162085
748843
529963
965607
867053
381137
638754
991792
352755
957342
168590
753175
718838
46658
383387
34652
872235
456795
687755
409752
512894
783710
120466
328675
683624
179461
436825
496730
267415
514349
657008
523025
571259
613304
659708
998552
724360
630255
484935
702989
8411
457321
631446
56401
642262
319710
963032
546482
227248
330431
267925
722881
36721
710110
178043
804801
217986
428386
450909
386081
508892
391095
649725
238619
477288
638291
820227
994690
693996
782154
143509
350729
74395
340938
87311
84897
289852
547114
334695
489556
616058
53387
482734
100960
743764
823918
87774
76371
737283
280228
828309
947366
324755
495745
419898
431884
422207
744501
331540
493326
458205
237272
524624
636941
418672
435533
497741
385743
619676
368737
468653
963329
293783
656634
855900
70597
475511
745593
306742
847483
380194
872628
984058
647027
540842
218841
83661
68028
527780
808387
90085
672919
429148
270925
494425
761719
793619
915801
752206
157107
486601
276403
372359
402718
570902
402224
56134
473263
150403
776823
645098
649120
437294
373895
148361
657015
440136
771830
493800
193655
278161
68651
712446
178140
572104
941684
256270
294716
844022
124833
484618
181551
660000
379147
129968
728925
201401
498742
100971
862324
583953
530653
778767
523569
978530
576353
853394
923928
700
147556
67543
722171
902148
273732
31205
866893
681859
508176
564943
38722
989583
753403
254582
388107
159161
862207
178297
478531
929651
625434
285491
554777
976992
577734
991781
170032
312023
648649
549696
967333
297228
501750
960866
787035
467924
478521
469008
648622
42241
61243
267012
209084
524253
946259
495827
562064
181311
783954
411402
725501
914894
412901
409149
544665
295005
605404
158875
765338
217314
477233
887290
840117
46567
716217
657314
420535
230939
597881
602935
358753
962440
581723
238158
472884
802626
527601
249530
618939
861265
779478
1170
382941
300506
831238
714068
971189
672276
213163
889368
272479
21195
123203
793183
124746
342664
262311
9177
423517
98940
180001
465994
870974
219564
696199
282079
955745
406371
107004
540531
583567
571600
543829
126289
105764
810796
263199
832133
917045
281962
472635
405764
775962
276345
751292
276971
806071
795262
562617
282318
789138
810252
341920
7367
810974
739910
719559
1436
302629
268929
268587
208749
906039
688654
750327
146397
895279
84795
548339
5961
368838
553008
360094
970503
275982
861360
279049
382004
86022
355646
453327
641347
326653
99019
560560
984260
442896
45398
976600
429533
396586
5722
553136
143637
264490
238278
979037
91099
571037
273768
253102
69109
919779
2372
846133
617073
809238
765176
659162
165916
205150
959696
14490
110712
47566
889947
334609
207148
885983
820128
980455
371746
560784
327071
973307
15600
973102
110828
41495
784403
481908
860533
68656
263240
241227
36718
209153
903498
108776
413824
407743
242327
768020
714436
322770
97247
601694
118301
363821
941557
13112
16242
695073
166656
904859
575329
953364
524567
171578
766803
475994
171766
8987
582044
995321
377273
191401
575134
753936
210714
767606
421619
496541
713404
966016
966005
220629
615150
48047
730661
95537
218532
298246
389884
255642
647681
833549
825736
490305
24854
367398
372130
136646
571289
407798
697145
23922
182357
866511
926415
926765
753363
621748
101827
111593
730056
871370
307146
320866
915023
395259
480655
405366
179984
900326
195149
179074
333446
3207
177063
145356
6062
427356
991485
392478
948961
76986
157152
883193
273568
324900
221696
336432
626115
549166
143059
503505
659159
631848
646288
682988
613984
910564
921125
199730
81133
639106
37910
373854
825663
554758
650328
888249
265495
974923
650493
747626
11746
709927
161376
2616
211672
883809
466710
854928
587162
385706
830814
68858
213692
506469
265234
741731
397660
493157
387817
227117
811079
587227
849409
147029
465079
735746
318736
229626
508356
502619
983488
762221
691925
413050
653076
594944
139557
525025
567983
634167
884794
179047
254200
337136
885439
573209
393037
602300
698015
945844
625874
840491
44999
477415
477986
853847
260253
987530
165023
211323
272092
414081
475514
44522
79979
401942
842502
60701
147668
221521
540839
546857
989632
88325
455408
618177
147001
436718
861226
728851
69312
70345
882607
872979
321933
867969
366971
199613
137842
441949
649814
137322
360777
556308
978386
534068
321835
188981
166142
525898
383499
350308
413689
693171
854651
196149
925476
319219
717980
9733
326405
462178
488426
820882
505683
942740
913190
107357
383587
890985
895366
240599
411661
801587
459075
698286
133401
943449
232332
837
458915
81910
354542
134490
433032
996842
747932
145494
181613
124976
418707
671746
741523
624038
16422
590109
510036
241977
491943
880196
667555
609318
631468
972890
456617
194191
457539
562526
454549
280215
232672
603056
795279
28901
22716
347428
749142
211118
836941
33004
414613
834324
755034
707242
4837
673588
195968
724567
586856
344047
961344
660240
494453
796086
577786
4402
313065
380069
920550
633953
702022
850634
754619
799613
470769
975488
412567
888813
473578
394746
621859
358968
741160
386852
69654
864696
812734
627431
775332
59248
82932
703163
732217
349725
67501
799305
832026
185521
478217
165541
699398
603995
740868
889344
48032
576935
576070
757871
444594
992802
983505
932585
66957
325683
231731
434377
667025
132604
533494
214850
486771
645030
854958
579692
347755
978778
373854
455515
556607
560209
49047
924104
637108
39552
913371
126874
468289
112049
69950
410862
676237
180591
286471
418892
201769
918832
865203
872050
803771
911478
330707
245461
610470
533671
102805
799977
433168
211707
87075
963922
941802
531976
817817
410391
288621
912215
114497
581214
570958
506822
286918
898053
599029
548271
45192
544705
316282
393079
773042
767076
490163
118422
612886
445299
617651
883933
327513
994288
753201
725309
482915
539575
123625
133634
428615
37093
930807
426692
931282
824809
387277
522763
620995
807771
433179
310757
111474
535197
82077
832610
440136
450295
775141
364041
152054
233486
593152
309637
70846
677049
835287
594147
88945
508086
414556
264024
770648
129846
556849
33038
737115
274473
233838
316346
717121
667888
14234
284929
533031
426824
905496
96528
83101
103786
815699
745647
205419
284506
667967
611299
643507
882461
556928
797904
347453
620092
294797
157071
469213
875818
361325
482934
654608
320831
140853
115520
301861
349594
660924
652219
594113
386591
931265
469841
543467
103851
325483
853020
921423
767385
915746
604734
949604
312569
923650
933275
49421
543644
38702
665251
95114
560008
501152
433086
250022
662073
756999
858399
364146
896151
276268
512016
809683
511038
967803
591574
721133
20807
257781
57777
46258
829440
527359
415752
185247
632268
275393
65776
655690
278859
945347
809578
431321
282178
77299
539722
685309
29737
806271
48244
548410
52411
45147
440639
296799
783305
324293
668327
558322
738225
895921
664514
797181
635628
130560
251795
631688
122290
916341
206569
606540
921794
5881
31358
656554
986016
866962
958161
280584
798012
473875
626685
221979
635441
506876
410417
547260
26044
438888
833608
731618
706467
366396
780920
872187
327317
489466
524948
688921
823001
267006
728874
857569
505636
890397
45170
455270
217162
569002
670906
35212
520645
317936
211378
304578
322585
877080
867170
241485
532875
134144
591609
136919
559261
10976
191991
351886
292959
552855
366314
493474
177145
158227
103651
574040
78269
747438
257872
110381
906140
655416
128261
323157
668236
707544
998360
589682
992052
232771
162738
790843
228105
922374
456521
85143
424802
902173
472109
601784
66510
563804
925825
266835
485216
102048
441953
480797
513996
165264
635528
831114
514725
581561
394168
752041
383075
777274
886881
230717
774097
364736
767262
309396
415036
455109
962701
914267
653152
567361
526777
444715
4087
260944
854505
740411
20181
446514
383758
719815
532934
473347
942670
391264
244824
185424
924553
379362
623834
97066
394005
656414
361206
348153
451315
958656
918667
620738
810563
102281
482511
293
354082
567292
865994
34935
2162
322268
7479
76963
778954
561010
206057
635111
267304
567020
862454
528306
614865
684303
73048
44404
299924
796411
796712
428564
565027
74834
246121
472349
484697
49458
365159
473778
96320
170783
268466
56236
947783
725028
625050
477644
416620
945829
919527
511005
925943
624729
806564
794801
695188
267285
14721
16952
930218
723424
5056
840900
895674
301507
281346
33808
503106
945218
761162
83957
706359
105931
851926
755141
79123
759517
506245
352929
802764
199753
854971
5500
693484
211649
221322
86281
470353
681208
114845
384361
990100
237852
790993
368411
819878
834910
923196
75612
947833
87959
447457
248496
980791
668212
728934
580951
126007
413477
996648
652494
732425
894236
770079
29965
288905
136093
654293
404051
982880
314466
784269
468284
625506
132213
954305
923555
58349
433655
480410
438987
742537
459333
512128
707483
375482
802716
315848
99594
882514
457034
901366
9162
368328
466294
301600
86639
331479
581028
110761
911209
909596
830530
468628
74603
632402
559226
695145
729880
212216
570222
810679
593143
861525
813328
84773
465978
617773
200622
549586
129974
514374
252129
879955
810399
346190
349896
3366
800025
994807
768818
94897
498174
75413
805713
681213
45791
966021
344007
292199
482619
226441
615362
353565
748946
932629
49368
967249
493121
48917
2882
775912
171108
283633
770318
126514
950938
70468
577958
857701
763335
388621
760153
581928
387756
499011
746506
870189
684863
50722
60430
249518
525152
156323
675214
472008
846741
493104
40839
26501
853596
677543
429726
164838
723393
804459
680124
993787
335200
733173
77117
701495
519833
944141
940146
386503
315559
667545
31517
469729
232011
349512
511379
322634
870318
908056
996547
532604
407961
129307
930771
80656
766606
38198
88417
158062
627678
550796
702321
803757
265389
892531
959469
851523
479103
980275
794267
347615
643456
884819
151776
480721
948097
134675
45642
877861
758931
584073
476688
177874
799086
96592
956278
438094
553931
596382
101146
912481
456146
709019
98213
802483
743138
770916
174472
27928
782769
49144
779703
620710
121602
507007
744754
786239
655761
880533
661998
186202
189029
202350
29577
860080
778485
987548
299407
751514
438109
202002
980720
561515
582034
241405
992990
349880
416470
402878
982410
466199
312686
8022
497493
321914
212579
254849
803459
52898
38192
467169
519857
85129
86833
648306
22375
612902
775378
28590
991694
400174
501563
202937
868898
972389
136050
553661
59956
983321
835494
925589
752316
651782
123933
600378
863720
266385
576808
710456
665662
955349
844095
562780
466199
913616
713058
518621
194948
717214
948314
873687
867461
517199
560729
712726
789555
647998
85941
178429
148751
705296
958864
448930
853089
688339
712856
283152
403938
391665
465022
462718
906000
448195
388117
321530
689009
424896
572313
965845
927824
511060
564266
919689
44959
521880
663223
795486
492507
613432
974021
913908
902914
164412
41771
989174
849525
302627
94952
5272
854031
339830
514937
432941
534885
785789
43114
678168
57782
376183
260051
312580
242769
547957
881937
250967
363559
16316
363412
428901
10911
672298
890181
483136
362736
346726
106835
691375
994325
654629
513041
796987
469350
798876
625277
8513
933100
737546
122748
685473
747869
788840
315321
80441
41897
472476
60652
910203
629888
627954
956025
122981
388990
719091
744175
755114
254769
7645
546844
417854
388119
57885
248771
501685
708981
898424
425713
137931
432735
262427
608522
963087
293778
451532
92250
572045
949095
382312
583765
987191
243296
210734
400209
247076
341328
197967
564489
246386
6673
98586
661488
536154
989100
44817
696644
166532
927665
482318
755465
917953
530102
997130
903248
617196
930185
373086
703128
696129
950308
536650
503732
502481
692631
310832
474370
494430
15428
418257
410484
140006
629540
18815
279713
401655
738878
703453
214542
353601
905159
519621
364756
739470
269669
466667
602211
154052
550411
2854
821824
39241
313017
16559
461010
45279
158579
709059
442116
627632
337984
148493
548624
674894
803736
625530
243874
877576
60857
730079
386409
625073
874782
430895
289853
8854
729653
159822
195037
359726
376339
85820
580948
619138
109475
114743
207265
493713
400921
44130
604148
16023
588392
690627
777380
872512
213655
542253
121451
163097
540192
458123
412278
669645
262878
750743
749795
245003
498118
18615
780135
133496
369057
465755
424193
515153
502544
962217
522503
94360
929925
657930
968225
10671
24973
883527
816535
239377
628761
999414
159107
87454
292525
674618
43262
219585
454095
269657
728297
195885
689710
197919
895899
707575
241114
973180
548421
145783
845966
907351
979016
113855
422558
676497
372127
288642
705602
291736
803301
54873
850267
146962
132101
980683
738731
286730
898703
14325
43659
587976
769905
504994
863665
252590
529516
241824
65862
217992
342858
421406
819327
580278
662096
954107
573314
649851
228299
683598
925650
126734
693869
799539
847740
649777
728773
679010
223340
562978
20345
237305
883490
544308
338844
200554
661774
485834
233283
90983
277565
289725
278532
323034
942595
61475
104147
452906
856380
883158
806772
302496
655057
948973
924884
318758
48099
510320
40230
913701
725358
809194
263398
426341
425736
366695
884997
833121
126974
822755
951071
947771
923698
370666
744889
863091
778543
574010
313884
264290
831563
622569
676479
387552
372902
311185
883646
387755
155235
969480
229075
659028
678945
421133
554917
440070
528237
414365
370573
91056
851768
932703
91194
648425
12982
264730
87165
242684
455041
448068
299940
326082
687553
521261
37893
999609
937326
669327
536379
291617
273652
515393
812227
504612
945527
29013
910683
813532
327777
27207
256917
739780
56416
165086
842605
119953
681168
760656
2232
617106
399689
509522
288048
892290
213764
413016
944039
102307
242491
49941
223112
222119
41060
369027
162530
230362
692674
487379
227458
710544
924555
596230
229012
968942
208969
834536
807707
466899
353417
122928
99492
770870
319781
119289
235077
384988
141358
317915
194127
74659
125442
209393
456833
388919
123813
554088
374700
117396
981471
349359
716913
796516
825857
306761
371484
792037
7580
651706
166942
266443
908292
367318
250626
942416
487913
756932
875374
517023
977446
335614
10530
222840
831927
674454
432401
283070
935538
996454
273982
440111
108423
516882
611716
899030
58151
618612
588560
660852
721970
353601
761034
607649
455713
538109
582739
18202
357528
945992
586002
675970
740489
222789
830562
959855
544972
725938
704510
14476
533580
127065
51963
212585
793964
200247
646184
157379
554165
595721
702315
868357
857087
479862
660508
840006
619876
561724
881856
740053
743513
106478
984980
259415
275881
899404
966688
264338
399920
510741
77352
617616
931627
384179
268521
245058
321017
397650
196706
81860
797345
844085
746802
426429
345358
82600
112944
882973
874336
799575
412166
408740
460313
354778
674802
193673
102984
338883
996285
139042
241846
926614
408654
164035
69887
205283
872043
675230
582898
703425
913317
661015
68418
516340
493292
536375
795569
860301
773559
673170
395238
456174
756414
346287
244395
46067
201489
679838
160171
599123
406253
565685
225173
438765
216379
661243
104522
675242
901367
412966
143282
556169
562380
300603
853269
148664
90316
518376
453362
477628
248868
302330
544286
115178
486082
963524
355977
42020
786811
403155
228605
622455
117781
970767
174879
194065
118149
53412
656146
802010
652430
736902
204559
660966
976525
695574
529217
214246
587754
506018
903578
723845
963527
598433
185316
767421
237263
715122
198739
466390
519071
20429
169739
631362
744037
535046
684158
570879
956661
983507
120292
840152
580700
374217
34784
222885
168218
955278
252857
349741
151901
68911
532573
158469
35498
696925
150793
932889
319636
502857
60116
380141
465402
352125
630692
667143
784956
489424
897309
47388
640425
179543
763336
333714
649772
118438
903993
819751
959276
924474
756786
270129
334355
956323
829953
522825
493013
254925
710731
613170
333933
153693
387977
506046
317452
588194
294342
864926
423770
218773
598120
47096
372405
281112
841934
175465
724816
125772
116012
998996
642974
904637
459819
535508
800434
200851
654469
957060
642981
818495
212678
269171
145077
83689
410783
582965
609022
91927
593683
281173
819639
330781
255378
458689
396518
270201
852264
407847
374651
118441
956741
275006
750200
577389
309660
105273
381341
723388
918922
461771
974909
151873
797694
213717
713291
856055
69278
956069
453229
631105
799191
110000
427409
162114
659015
333050
353675
474256
614282
905347
804601
246553
802536
30238
157670
93609
298140
810822
375389
735717
318527
156360
597604
848708
995737
966007
522250
294635
466876
99940
222903
492740
473647
816822
894288
508429
970514
372590
267184
321983
404584
333626
955024
168396
314066
5237
123337
586815
176768
21292
873035
227969
315411
247741
129766
372045
545117
386588
838461
35389
70728
640751
617897
835368
278149
930977
682856
459757
368668
939244
249790
600308
401844
121111
722927
302429
739323
652693
755399
176249
943672
284850
436907
519123
966867
883772
812894
94361
995105
233943
566126
376275
504092
23402
623708
678905
609144
208333
842833
695808
27690
841080
631515
391490
5485
183614
212265
296294
150898
166877
990662
747488
101052
744804
404555
582920
627947
287294
444010
652644
492427
310529
379866
833844
172172
767234
100407
400551
352747
888865
203132
944649
899168
303253
639123
290036
535606
942311
368975
67229
935966
118661
314931
409160
357921
687974
49700
421672
536726
734572
438690
15236
26221
58633
415286
128405
59709
660680
604950
425355
965875
165479
584798
188263
319483
870266
616237
578714
397107
457262
288091
98369
986263
649963
74619
476553
430869
179244
350795
608187
298910
20429
306036
21082
900489
171980
437066
417017
866631
295046
598093
903009
434923
75480
192096
473708
487962
704218
278248
178628
979567
211860
891335
784005
166091
32205
697807
735229
35571
476598
700213
350250
399122
399945
101762
865804
778673
908503
361557
2737
626658
932362
420825
215407
367329
102537
866172
743053
876470
390480
724649
597471
332532
533257
66157
675478
896416
359149
895209
656526
489611
421045
368157
260076
502268
680793
558978
785094
619824
893244
181972
355984
188984
670404
188288
42486
45112
872766
896149
53101
274563
185853
959814
771462
645855
808952
125180
758141
805368
908349
51485
992484
714553
289382
955090
384845
921675
264170
864983
482852
56961
831541
225015
797145
313944
870319
306989
603170
916915
760667
718548
420298
789943
225680
190997
725076
964803
52206
21718
350993
280918
199554
854073
119765
587391
205364
306711
900652
789633
406569
991221
611828
134463
260069
179684
72405
394118
681529
697363
17630
356985
514818
489036
97473
106583
306605
684899
76261
306620
418376
914295
298061
685885
195028
508928
350045
896619
11415
162785
88558
651489
993268
968787
978192
117039
643533
380763
683968
260980
726132
24483
915407
930887
423623
890262
944931
576274
834885
217901
389402
70567
978737
815508
932647
309386
679536
122058
405996
356472
211186
251918
647692
862588
328635
980980
691045
181406
527585
124864
96581
664559
152477
596348
109290
722850
642461
767701
511566
195949
532692
579280
789809
190086
842694
399898
530507
278282
824963
476495
453026
44244
326020
281624
838980
153048
120885
801008
61313
634331
178217
774078
388917
544405
566034
124547
101514
770847
575163
143081
545406
798490
147578
498754
805827
615209
244692
451236
742012
139134
496519
379795
875170
150373
933185
62502
397682
592525
318735
519755
806447
774539
880358
556003
439377
356409
154952
422944
989580
602318
997343
882591
90049
462612
217168
434810
327287
481866
389421
64934
944246
725629
828966
803781
946031
981380
361285
374337
834396
228836
109533
352800
744778
625472
265514
676229
833713
651598
738768
983881
797661
237221
503998
740754
660065
78084
970062
442468
185093
67386
147974
546157
745080
216439
577801
439325
409557
694449
135560
200674
924015
884870
866986
192241
920560
696211
520967
56950
289220
203163
894358
704894
926260
980069
645806
390561
42784
905966
47246
700579
274964
372113
956810
680136
813840
537979
847092
467481
651082
532434
580258
48642
276476
504520
240637
563154
112433
3063
670905
444574
740183
756286
269770
506008
987991
300034
753022
648648
474929
353671
242233
519791
877178
969675
171042
553720
705700
706836
687314
721737
896890
42363
89486
777350
934079
267436
457391
792403
432798
789853
963283
296592
709411
663700
234560
170207
630512
789958
785883
954590
85095
63676
369960
417978
271255
783209
196357
439589
166318
704840
380698
935404
870167
965843
481243
443065
180057
280269
752519
86728
783788
619923
492975
131721
284822
262798
512145
483629
103915
350938
163509
794343
59924
796311
900245
597650
507992
237882
203687
296606
33342
499511
101897
491124
779965
296190
306308
342271
63962
769321
4758
236525
299960
840804
833066
954828
221242
250210
511828
128385
823206
435741
631631
105246
341128
262313
492106
269877
253264
102689
996881
459444
567841
468913
607529
118284
801146
885527
712425
186246
196982
468457
974394
72781
328675
221387
983194
656859
383057
133076
321060
192066
587181
235503
281616
165991
697971
666016
169286
742750
493862
614656
538487
733010
824572
346099
521377
202726
612510
334256
556472
301045
830550
126134
296460
524986
455545
406051
234949
962054
594621
159100
235805
219915
244923
575025
714520
771668
628181
495073
170167
417541
954874
536063
908632
853691
127398
399663
431702
46921
808019
104118
427202
25114
654508
291520
667460
725502
42023
465396
769963
648203
302413
310612
718911
934147
961314
637866
285162
126558
983116
202802
408182
211682
410781
84775
366209
60882
510226
845221
679618
620112
20769
987308
36124
545857
301607
159589
27200
749056
673864
550113
341627
902202
943029
566845
793252
507774
813663
315642
753732
533425
614793
109248
83836
131952
994561
892634
206715
916969
79173
897665
643321
314999
88428
661494
532963
46286
503768
201040
254630
549299
258340
735756
246939
951331
369862
403754
950576
16882
901700
996550
114793
204380
169432
492648
256889
737555
717300
128421
425899
379009
487941
468113
926852
835651
541856
669774
968642
535648
390904
574355
891996
245059
9335
142083
919859
640112
650058
401496
900837
247985
93769
725812
836038
675441
112576
296524
950686
519009
443958
548704
735251
887015
724208
853960
267637
190747
197818
824592
802020
855479
691538
307795
145501
319036
38954
712083
241653
822690
491989
252486
924396
366396
734485
540523
975318
327323
988402
726042
908794
138580
678350
32975
122471
981882
784568
792508
246036
774635
397375
435067
427785
350020
467111
405303
517065
926000
794057
694772
243298
494867
842416
152015
268547
31673
110008
496827
136509
171686
559238
406174
627184
914582
426711
881010
868876
709063
672877
958164
943773
415441
716289
830136
581367
350222
440728
416566
795816
584847
795792
957895
343256
684687
321475
489566
305713
723219
209666
886474
906045
826272
200009
61985
582808
142361
778240
87151
439068
787414
985848
576160
320122
633428
197827
599841
888073
635982
10379
784015
517355
918334
721128
676428
321185
70463
966528
570599
170110
822002
668919
337771
927044
574527
73084
599434
498652
205618
269976
956798
642676
602803
863668
850318
221748
977851
14876
145571
403706
523382
668035
38108
974765
446052
804689
924327
511019
816000
144085
743023
914889
426676
889478
95249
907773
517793
37627
990935
446403
801944
41477
536256
733683
510617
877841
980943
583951
182307
997771
899673
718439
248514
837044
873899
583021
804352
143277
200659
654944
124459
186057
203363
326043
339256
275562
150058
80546
699073
868129
563360
398268
101957
427351
543146
791233
950242
419433
325914
749383
919510
752090
433256
380055
15214
183027
259019
536687
555242
193005
865910
10336
178472
985615
174121
556310
673427
760577
116304
990965
136904
135224
829472
53532
744259
33742
575188
676354
242048
599794
230606
993640
609672
537886
795756
390267
218310
477887
667184
416833
994102
316067
775896
925754
490167
152241
279497
271466
790344
811647
784265
223890
537505
310732
118190
873018
879380
17442
834015
32023
947311
763691
194837
980772
336343
293282
962631
175984
87029
811756
436169
779740
230238
169059
809276
681515
415392
549953
347147
499702
636959
459051
187759
615963
334525
571993
255776
221498
595383
943531
122034
334968
194958
819230
327051
139665
311456
896932
73170
700451
752976
244419
705403
569441
442447
36554
787917
848631
474357
997066
498035
546675
159094
990914
690510
628343
218446
384467
426001
625326
591883
387903
51064
378946
865995
996078
456080
983640
792910
955696
64764
419751
911744
275659
326580
591610
813245
681262
45775
781299
549629
162772
284558
409805
436947
546265
385569
764753
693466
629460
242932
452337
737524
424178
542160
89547
461933
111817
847780
168169
812216
353951
430595
19003
597083
109599
374151
602999
523373
331040
541349
958191
896318
426436
243954
10431
337937
854451
89153
518205
151433
951207
306179
221353
811748
558831
846043
492962
136964
998025
370903
376420
989018
69425
596680
326188
532268
789077
90664
827374
309266
915902
701861
180176
848293
551582
577244
162151
745072
84596
335343
777060
921604
512289
100426
595190
334298
329283
619666
149096
222591
446637
867712
206599
727083
538356
918222
359549
684811
439699
808517
951332
999196
248909
313271
750907
710138
945420
720401
42563
179978
463773
23534
24591
345465
486186
265633
146463
223854
238613
219592
746111
114773
804843
75096
572224
976681
583565
996740
277011
362197
319059
345016
473949
229527
621736
152549
366504
926371
547613
698618
312342
230829
747943
822544
101314
965623
688580
510676
422727
604647
780897
139020
812357
201384
936655
464313
685414
353263
229986
366707
957691
944509
255244
307292
37338
228754
804194
570754
175655
198505
597188
437810
778700
3191
148855
856063
526082
965731
865604
184152
507124
605495
495116
939204
935724
634657
557678
299452
484555
342530
441843
274065
947825
935258
895570
57367
376824
834182
267836
321325
134648
28904
856176
288354
71574
368061
942526
426095
58851
872387
524476
326495
115411
107006
365666
598767
985466
516716
730730
529068
622260
28865
998086
969435
746306
972963
504650
950342
397385
923656
487973
489584
783263
456702
207502
642741
373510
924945
232152
553522
561091
416504
806954
243359
606877
914334
818981
285311
307955
178722
685449
159154
521735
702310
107203
451840
439288
109670
291345
846988
513734
331761
34339
853829
541058
402169
494739
800056
117685
42814
399951
46187
799263
156042
133901
335798
112572
224224
518717
371110
287724
193497
3519
870470
351831
23755
637877
100666
725451
937915
629168
598007
762102
308183
663269
712835
416897
139724
374777
284425
662118
18
312496
692250
41583
541419
787856
598696
44113
723722
970256
212846
382486
818685
737135
195293
910927
3122
943432
487892
80348
78236
884746
230366
669093
196956
728333
728259
385799
787949
540045
510158
820518
950431
658740
147246
296507
146722
205327
689011
816129
71814
68672
243355
958189
283756
974189
606252
550871
136740
955880
643637
954231
208700
212861
287593
620234
462146
790550
718946
786140
791187
53509
192727
811318
819579
229561
924822
27139
8816
915389
165380
996434
352286
995832
182156
163736
384453
624008
731611
439126
390105
158370
33331
175581
905433
171119
613578
395722
625737
587191
821200
414671
512790
921093
861569
601683
584714
334804
640988
574443
938308
871107
611152
394268
478849
333376
199496
436037
418600
914729
618353
362993
626846
272135
970262
815803
329706
953038
737459
2642
316977
668178
943058
580546
680332
356427
409925
147851
16806
294358
82993
839488
964050
821600
83168
156880
789119
100385
682254
24753
373362
499420
57326
157769
303129
50704
677802
525104
992708
254992
737380
118176
195305
886921
950954
875176
237603
289611
628011
351529
866774
430683
994494
508207
20267
620652
324578
594994
485510
790798
292237
9106
513218
14829
541695
30370
953726
60749
969404
103445
285696
110391
223076
987302
522102
175156
352422
938813
471962
934711
389464
696137
911869
749098
100224
213751
575651
773299
714882
509562
260088
216492
753429
945545
70186
87879
280450
898698
59865
995534
406821
15247
324632
877076
992835
922395
493285
144796
58953
242746
181882
138602
477969
845731
54929
595247
195018
601334
575043
810393
883878
415201
88342
272097
98602
688338
169060
436917
602541
521189
832162
735213
90638
834521
29601
782044
140941
921347
721251
161853
495756
921370
364550
234145
55390
889615
727415
148105
296470
915402
853150
654350
979613
249421
12135
316128
194394
503531
136893
389161
346867
435674
297892
399164
922390
262114
816255
680170
267578
267066
960824
281466
959530
814221
77031
773855
935442
218840
597420
945848
239839
533816
169275
359553
324858
434946
586601
112551
222322
300482
122117
889847
449535
76962
864732
40672
384704
411141
627669
809644
552376
185335
540187
772544
302989
388343
938468
908886
383446
352416
698594
603721
381117
720128
162084
952106
208856
892798
921418
540439
298179
665515
373640
617336
824432
433953
546604
660341
164135
767276
330941
721751
817463
221821
317856
483537
46824
244918
252419
598307
280405
673366
925693
734156
876516
594328
147090
931694
480026
304112
238633
305730
834470
366112
972185
852456
958121
128734
646401
517002
236731
318927
869
272032
371460
662732
860661
942955
586112
672062
815937
742734
289791
356354
980604
338974
14792
886070
16007
467026
567764
571984
438367
536524
891841
490428
680359
451466
823895
357384
565851
694700
8256
469104
95982
91060
54813
398837
200716
154796
773131
188314
440984
631709
666692
785908
14992
206278
289358
420712
335939
867414
384293
812607
336683
975296
410625
81314
837765
241026
973887
447053
994986
550115
464044
783055
512105
421367
966392
288860
550071
259629
463490
29184
721080
413427
339852
137634
517241
828329
71028
584346
998397
749839
131719
699223
426027
667280
346330
628740
518104
405768
701808
713670
760495
330482
580275
80718
643870
685989
76014
740008
631585
301306
998610
182158
923113
949304
105588
497749
823394
13810
760675
976766
669404
389605
516929
451767
831805
292601
882991
191099
776511
397889
810320
104134
902305
199629
839873
100497
243096
622053
950119
170531
789508
842596
69396
169355
961306
704804
936178
1213
607107
36032
538027
29471
870884
169156
841661
243081
176197
136302
352532
322119
433404
482083
880482
192582
427028
262056
322828
346111
272321
614595
24098
759057
161443
646338
130730
381651
987046
479320
521101
214952
940964
141933
62540
266122
495036
974767
551432
529534
85668
383783
990264
878298
833854
350949
548907
351788
310025
813455
662489
927409
687998
189676
666348
987575
769509
124814
34300
335082
303008
211806
737561
357826
92394
633665
565995
666920
295698
443869
924105
870888
567386
940233
607458
775819
57597
213290
686218
482411
802500
660231
826402
707623
423369
54666
450720
224055
703789
317432
697130
336959
673886
982994
940839
125111
586354
266591
737718
515011
720259
477168
8194
458109
979353
964971
540801
679204
19649
621249
909773
310472
38762
835472
758695
299698
418976
566325
984431
393648
785015
484998
293935
248581
62433
434599
615693
784547
340408
934399
567710
288552
50174
203707
720122
10143
900729
44797
992039
202752
515314
812421
704959
174579
102682
965154
721502
266417
640365
253999
726817
165054
219854
931273
254429
564168
14637
271641
142709
290763
508451
31633
866377
840914
709510
750789
209830
463594
30012
450659
769302
462987
674793
61432
891704
789677
286815
548406
613361
296005
481410
679360
97682
902048
90510
634707
764860
65987
974981
41457
784317
976207
350482
320603
318331
379036
963832
904053
283998
80816
829398
77951
110487
891256
255273
540902
405167
499145
668369
599680
158487
748965
654849
102376
259834
298316
347497
729409
164988
620344
178961
120836
336810
257807
450934
907442
439642
142902
1179
845909
432749
142794
296181
629459
310308
67771
696201
865821
486848
362324
122395
609077
594304
667842
817901
195451
889043
710496
8560
620238
940743
137366
627866
517579
928600
650742
787557
30807
292274
216624
546090
271108
947407
629884
332387
982150
456444
150848
657850
284479
999587
167339
960001
596100
746780
939416
95443
414632
897717
765416
417055
717323
618007
402825
316135
85607
492044
344902
554442
442078
584827
40884
447761
102180
140602
97560
798711
879724
361535
377838
61261
221922
484054
89337
774132
482283
872771
400630
228868
919020
16431
362253
838096
794540
869125
557851
248432
815213
705475
903358
281262
597753
381757
820204
435825
348779
425802
255568
660836
733162
483683
591190
427455
616146
55502
739675
205946
593837
517255
147550
389867
999901
278286
922572
625322
135141
328728
930192
214397
648494
831545
258404
979303
595638
7295
477298
371624
691285
164491
282879
12928
928439
2207
365512
59185
624012
268152
16458
517057
301887
759508
48054
171321
235564
91481
184726
228022
778697
61887
241937
703896
753598
620261
696590
218989
267974
891235
400873
852916
252103
627605
456279
98475
226045
74160
282199
994684
796419
593795
137420
403665
8408
691614
887368
841651
925646
541032
579677
425529
986455
850579
522827
673280
659259
349161
955825
234524
540553
504863
114325
569322
19774
663775
651871
434162
853169
274283
789002
777455
802339
462798
925663
262422
794506
523977
736997
566587
928178
748088
930277
406796
20572
923456
237766
480079
376586
80419
561679
784316
71151
948827
346333
501082
559897
489692
218476
541647
474532
753151
945665
926748
724842
758006
652546
498698
653112
966882
137717
935360
251267
374832
823872
223985
905861
281750
534814
332838
999233
795993
601245
844254
538062
477757
131499
605881
364755
414893
28442
209375
923875
547250
763932
927434
759063
174222
614441
915848
692932
219055
890605
753001
191516
349738
852768
282076
769864
821444
276123
74884
64966
496848
844275
116352
452510
111326
363709
917611
29649
468838
513872
529396
288155
249638
990282
358779
553370
8822
198212
301115
507500
617203
257344
795661
446550
193780
449995
912775
46570
445909
371743
184426
523491
742088
904234
230010
33731
785478
964757
866408
561060
720451
226092
673244
912030
288782
494711
423602
113771
207326
295708
267243
626884
623579
634141
179250
62000
297305
715799
365720
419223
90981
748865
688289
732417
820362
741350
638194
689265
437515
303709
921980
393417
263384
546431
444073
408817
952666
674691
651807
830023
958389
385540
861749
402748
533189
111440
361335
883024
343423
575055
946546
723983
732570
303356
73951
271714
509322
323400
137172
811439
486930
43183
40183
867425
51671
97805
957319
24230
755838
736685
800505
442625
362229
623118
386682
12630
180738
258509
792658
408632
188730
368453
593090
55010
381549
437784
239580
839978
605856
686639
139230
785554
90173
581926
632797
777171
213865
731079
296415
803430
218117
737683
903296
901452
629983
430387
495474
225084
938685
246582
379402
446413
901110
566807
251821
724398
254630
650395
693245
370407
871294
271213
234634
213166
975329
626430
427522
86254
335881
195143
393445
931274
544031
473051
110779
428099
921740
711162
471929
356002
134659
881727
804237
110274
106830
742625
982717
381634
258665
44429
286769
520631
86785
294881
423696
962022
817272
727932
755062
718018
125516
673371
388539
488682
963313
747806
604101
649213
331385
449509
916968
780846
569965
472753
673971
532545
500454
717375
40808
791812
396284
427533
70620
707634
204598
786323
413
945228
159308
584044
352805
335331
436687
676630
933523
810243
390662
847366
41792
231027
603898
234444
222358
663103
623808
838919
826439
848719
451067
808643
119415
32775
685783
177255
942457
183813
658830
696077
873854
253332
391201
755846
420565
236181
614671
927711
941438
65776
807130
538138
379112
888350
271042
362955
535225
627298
131737
549531
995298
750843
553010
433405
414316
757870
178111
479612
12601
635194
108254
573341
504486
397334
275117
679955
60864
708826
648413
639499
757852
533446
71948
47390
768003
922258
521013
462350
648697
455154
105306
919611
331343
50603
715504
421851
651631
426199
288814
517058
106587
46826
440326
493846
489944
535940
845133
562245
59801
509377
587008
141993
250792
609061
664056
154261
179852
476078
74330
228306
499100
385140
66449
628313
884172
743409
536252
807366
744504
490349
14546
794771
214502
474761
165424
615498
339648
4295
346787
116448
533555
240276
833319
756349
539070
310628
5595
578946
565180
303390
349641
313608
859641
991782
811220
106271
71029
695935
520538
315301
582388
202561
239248
952255
665045
242121
844782
163729
467341
747617
92003
542015
378034
63045
508889
311461
818588
846848
548597
908970
977094
578688
629029
618779
639624
503454
629694
176840
507581
195033
116946
871444
328262
258242
828226
389717
299347
742011
863686
607616
26000
150963
874473
430295
702869
414242
187399
536323
911480
694629
989914
53074
844088
44740
965195
398185
724278
232130
680992
376598
370013
848282
791599
349674
276228
568758
249854
404300
612921
933441
262958
495814
184387
562717
968965
104621
919919
60626
196691
61312
149384
271426
185986
398249
573414
59951
815655
901146
221941
744253
629558
617038
781379
601915
89684
390205
269310
892040
692911
499155
375640
84538
57439
127105
724315
612422
137094
974595
736417
943840
157272
628521
826886
747099
3454
866236
399660
141905
372431
579615
303012
54993
518659
104821
159900
87271
562269
119684
314975
553409
12117
680463
230229
442933
409208
195341
425908
275818
688433
450460
246569
461894
667885
731104
354163
220075
492305
520536
477885
770580
770219
17213
809857
118567
890567
546394
710228
635373
196558
561217
126383
234555
315451
809776
445272
421368
496235
220552
886876
329706
113593
498578
897038
353990
171567
78016
427387
453903
853548
886603
124703
123388
252387
961694
613837
261621
995554
333939
846600
161777
207995
27263
716573
935844
949081
670406
216635
394914
329065
38563
318207
95904
741890
66112
112978
300553
608769
789556
798749
898228
447504
192161
349965
392512
318518
733708
154983
675346
304111
22803
376099
663819
18341
223704
841316
980032
446657
160974
864864
610192
58367
566232
185603
554750
341947
723925
571023
289538
345212
32564
144457
674650
641955
489775
843447
710151
3816
18265
217496
43546
665962
204471
506850
966818
938369
51226
808372
373283
181756
867634
434587
239991
870811
508515
771431
4923
223530
341486
313746
903239
462511
594038
498311
791637
406813
70515
929531
610762
683963
826747
53447
124294
609196
764853
619133
519556
329866
524022
3316
546011
498766
153839
860053
929355
439724
919402
810210
139655
787897
658521
818812
950725
504327
647282
133059
973581
740410
682424
256711
498411
332306
926438
562998
460692
632555
608524
654877
652188
113211
818378
473286
190476
164652
621983
728889
611154
950133
483993
105391
168290
294264
678430
771825
507372
502400
870222
80374
352551
431496
425996
52590
122399
918222
971818
196974
862804
844088
959765
278607
745158
417399
975916
794777
325663
165829
803689
194256
85112
555046
762199
610498
387499
237563
806407
988695
753600
337708
994814
941055
670349
456468
528718
587684
183361
375963
251505
410667
981118
621649
883846
271817
371249
69556
863966
346579
956214
385965
134328
877207
870618
452840
580063
602083
504707
530593
278278
689938
89872
453072
178917
527975
768094
124685
937541
937238
98708
459467
662684
827689
361259
737048
537234
827079
530607
716441
995005
913982
3198
813024
699223
143981
312144
430122
507034
262883
178802
182781
541737
493055
591788
973606
278907
883300
623132
734895
959982
870532
215782
745117
284889
871053
675650
573239
47228
796496
848239
825786
76463
273769
915375
562924
541853
142700
386561
485543
356085
218659
445919
965228
941254
977412
481339
844468
402143
35657
809679
871621
371997
867271
343432
621891
355907
294487
658227
430735
977824
682480
431719
708352
242742
551190
852999
976611
892829
357835
603813
966194
99181
416447
196107
431904
587485
759953
692386
552764
102603
798349
184763
777783
931886
119877
898773
917019
382161
790192
822214
243025
953337
615404
989459
629681
983681
931844
170025
767908
814777
469093
782371
761805
60539
413914
460462
116877
608796
157961
587935
860713
924633
521955
291474
693342
786305
423978
972981
739046
839496
518972
663705
162115
737201
787272
287661
902749
785094
673511
707779
201983
16943
301727
37256
920163
11530
186034
958155
154311
169362
107862
333312
402223
28346
612961
561655
779458
986917
566323
398504
427355
482360
903898
930353
337061
322716
685897
946825
531295
107927
896065
31776
590470
494444
725421
70941
561398
981952
634298
328824
38901
926097
901928
697562
563500
658387
267178
910083
866412
289000
470901
892384
390646
507820
864565
711704
754688
102760
106471
828208
870583
783584
903348
838955
70873
492503
43559
327706
235128
860176
288437
956696
339874
411611
630798
793783
495506
853898
851548
74984
852124
791014
63963
885660
416609
396197
299592
638066
507204
399398
195545
727172
524057
704632
587346
963315
735096
452271
797235
799564
338877
118690
482673
134725
578294
458603
727406
500428
800769
324868
65599
682952
616210
941558
759108
792735
412443
627878
807685
198681
741453
424258
819564
295733
451511
958955
30266
821724
520170
551151
273655
170962
702725
767707
154578
422068
679933
633922
165411
141096
69686
595878
439895
969802
144743
771757
868667
853241
505522
840909
133298
566411
747557
946571
34312
137806
573909
823565
305618
389926
883216
296595
90657
531010
363397
818620
995392
948559
174025
194195
473738
508611
137635
745341
298119
142483
316395
757260
575407
220732
195980
563000
414160
601160
282408
159023
195285
370051
587657
41528
919008
150403
505604
768750
36729
306947
722372
862894
496759
847271
787513
201833
193993
311528
925371
836040
134197
327446
204832
380925
638605
494794
592702
353881
509357
730625
359971
286536
610528
906046
821360
102987
503045
434293
897949
182047
140792
820946
113603
708486
459653
762980
634676
532709
383396
100182
337929
424330
623310
282157
918000
501479
529967
4455
355815
368286
100799
355819
661245
999192
967962
51365
518414
842030
119194
146989
517915
20360
74095
728892
900180
982395
184386
6002
312278
952095
632830
939944
672141
438375
405165
96256
587583
74007
871259
145831
6929
25426
363333
812136
222068
820551
367176
373378
136902
307217
461208
129034
252122
691177
616279
770130
12604
967432
214014
695299
796361
293287
109274
590957
967944
623984
234154
356896
359724
655305
268507
311560
519243
547690
754285
528178
28966
864247
974277
203020
868879
118436
110166
762608
29121
165938
384005
420452
216895
866276
668751
982627
405933
948158
577318
136269
298441
870918
538194
455272
341365
900008
368627
417452
104485
568439
760816
159792
921071
611066
300397
302631
439747
775098
848542
312367
85024
55437
164514
303488
786526
694358
356186
47887
212973
37439
439784
925876
564581
895844
558873
55356
54220
871536
656817
197702
65116
197924
733383
919291
142107
580077
960150
633257
221655
253629
101704
335556
969380
362313
442482
241420
781397
408487
572485
597937
974255
918526
573333
834730
379272
703250
645520
758624
500594
940878
51441
419373
585826
630523
54337
282947
480702
86275
431450
344892
935021
753764
242586
355272
286034
649901
734475
756657
437177
536055
189097
464694
955107
896303
812276
647454
723977
760346
841390
608140
620825
600653
639192
890818
768338
2669
587114
427065
360368
52014
643091
29298
810425
367866
856998
88725
45044
686799
620152
215564
826567
696515
497227
73684
624675
264985
298768
180198
472591
894188
886799
198381
292245
581854
290935
142785
174741
595476
404536
121782
240175
814364
816775
971389
767165
366961
134184
150269
721112
372235
189457
375732
424326
329943
742462
718324
459403
279262
951667
523286
883358
725211
469794
96963
395892
325013
623129
754665
428964
494171
792221
670276
356449
720279
731892
772396
759678
796743
592867
277295
536595
667954
132164
867325
256066
48139
864325
252341
461260
63737
368386
397867
954671
338959
32863
611283
514754
524633
751091
717604
110064
724104
382723
253737
547985
290135
229862
513673
612399
420797
908099
548371
823071
914763
750133
243789
61490
760617
41814
669687
443573
8584
325968
135927
600069
70208
777841
843460
973027
414524
245068
470281
679671
76342
220331
289881
405708
667670
11002
841158
902272
519589
714629
754122
853944
595549
859258
863458
483747
382643
873976
176829
540644
675633
795511
908755
733078
464333
247351
854500
551921
865133
823154
587361
966954
561439
154931
13939
456022
545293
771129
210745
161462
540938
822973
734278
636124
34494
295507
244576
611542
803469
193391
992734
175741
705742
546543
187008
815301
391638
477671
502500
38441
77012
619467
90509
804882
394619
94220
565043
221991
78352
545468
587324
944132
188064
258134
438283
373311
159003
530924
867607
107450
409749
138225
913357
418150
21104
773450
346969
745135
550784
932329
942813
622680
844452
355417
878310
836492
53910
640704
35570
566887
418831
156899
597644
791018
868240
308611
77907
911597
841138
658033
213196
752212
95680
503867
872521
710120
354566
430738
162380
873358
11438
286650
670573
835552
830989
344404
650266
645117
165104
215421
90778
202095
343921
986558
327496
471898
820248
97948
907529
160342
664736
666003
14435
221677
5437
554517
107339
612083
929717
708540
64057
501716
130954
33899
255379
74496
955699
73329
862128
386159
781256
717769
62021
812913
301140
801742
575607
222451
410830
27359
469667
607877
876457
681889
871368
882689
625156
877045
507293
359891
596620
790784
235834
911443
764623
654258
891554
576007
292118
795168
754145
255322
179354
212063
170157
442427
305271
747221
29449
255011
932713
904274
244172
276660
869655
814428
723091
885636
563137
104167
878561
783993
159197
94905
728618
192555
726118
641166
498742
360735
518533
164314
186430
94002
49144
786548
566693
41147
25027
43852
958066
844108
934250
36182
627543
62927
714261
692402
247283
263692
198649
627804
681272
258319
660919
571104
884724
764340
691321
598212
154802
839845
286706
260484
332914
148536
302880
800589
579721
144378
103909
986143
75001
579282
281502
601555
470304
369333
626364
134185
490995
988398
896354
368828
916027
717040
841292
282444
867918
439344
635988
596096
257528
989655
973452
21001
593080
245815
93239
327711
471337
268577
511359
513569
389229
411713
156990
664349
424818
312038
146229
832221
772073
945389
304926
409560
190120
96502
313766
642488
502615
956525
98455
855621
313501
445160
658473
869153
658497
973255
916847
714279
43975
711727
680060
694580
127811
283716
138468
77076
270960
367966
831699
421806
63467
593388
148137
22354
961730
563588
516803
26420
218746
606932
188683
78035
514922
8402
775866
853375
803854
622554
81490
214657
282396
912996
182819
533554
401583
272807
698114
805819
905250
580782
419348
332428
70124
450459
95888
841232
317527
635691
866715
884350
447333
129704
520115
36584
382456
342358
516738
809940
105392
42786
230001
738378
256834
915336
582734
715281
601751
546779
343669
14988
756417
443223
814578
18348
711211
391202
775674
423233
959821
405564
784353
622515
547434
492
591963
280956
763070
58325
794371
766167
920466
795810
846694
847943
470531
463964
922885
624595
369294
278554
595400
956605
255180
187578
132774
150901
576272
697422
468174
197844
528696
982748
18692
215776
65226
520504
552272
38066
384595
711194
646339
264602
753377
317127
933011
710926
739053
308813
800808
299988
188720
97545
695977
699569
666208
686918
675758
907990
788656
518886
346855
424259
909234
598448
260747
841129
709270
870857
504085
271916
468844
599473
784297
522364
334178
14963
989150
479944
664925
226379
479545
157018
875848
702434
785575
406817
649966
342282
916994
503526
969486
614371
285397
49954
496292
326613
128357
144727
786118
727840
214006
208303
878459
77257
915824
974997
737347
877772
369427
11975
578225
249912
71337
36333
473074
61552
92738
445624
382206
624667
732145
156001
709471
56979
502656
42809
115707
803654
381129
537979
969587
538939
108603
92508
979001
868928
316177
637122
949720
313963
705657
598500
635755
584600
486960
892370
938446
752994
310604
986856
159057
202481
185903
545620
483465
678751
585985
888250
594971
445572
149108
127677
458965
324099
547519
594578
241550
660706
813152
371377
624564
975061
996868
518552
164672
483483
91404
552977
926684
985666
391518
688463
