18464
685655
20515
737118
99497
705249
195647
452868
598811
197232
75104
183887
239437
32051
433888
785495
154978
888324
679354
388203
353094
394183
546416
862701
338704
759369
423699
282350
78226
610918
51758
450150
360953
447415
971626
945102
50459
391631
956116
842617
106303
645034
675810
38344
962748
998696
545403
97279
311229
212655
383585
785210
444612
30435
538715
641999
327336
265
965834
157650
876719
6864
314415
331070
342424
221801
956277
465808
537840
962959
67404
211168
971222
739106
807782
606221
747734
618550
511198
854361
393771
457285
434156
575819
226254
301629
342663
797742
395175
447157
60656
624996
179011
633931
5461
526693
44653
192560
134190
620255
752779
458344
980222
447046
170259
915089
458683
575190
742699
345141
396112
362195
925768
633254
544557
50478
769610
721362
890006
377868
655335
83862
937853
929031
335406
780955
875232
604010
793828
391141
771400
388739
309138
664599
856973
495438
282179
417873
303783
881833
323816
545416
442125
791250
573094
187281
366476
687534
987881
866054
256668
349448
404989
800717
184495
787358
545922
320946
28621
456905
982996
144646
52990
493630
629017
847664
378889
351737
738643
494083
849065
218674
243625
926067
867434
252760
558839
842295
241809
811955
740576
329327
473006
646698
887218
749377
235656
984812
296386
115982
307853
469922
781262
881353
175352
923733
309687
175110
318852
860583
335291
876347
938051
110391
222593
51795
616587
204042
848155
84616
657707
684546
781014
27207
974670
882720
23298
674579
499789
252290
854191
3213
364615
905539
929838
894383
218854
53147
590463
399823
118828
766144
213971
1807
641610
369455
385795
547021
693861
642700
360026
989808
540445
133917
447242
837394
502367
44912
269911
316859
377446
213617
559263
137077
501784
734298
552852
77968
847349
171693
180844
334270
834384
991198
854936
524280
807582
247282
104512
672674
444370
481157
670134
955030
482920
474700
776002
938234
603165
634581
137390
881777
52885
932133
684059
42632
678848
724951
254656
583741
685579
512758
409229
360802
173982
287916
844449
847854
8650
839928
754692
833480
954333
3961
985984
377386
563529
668021
767144
165452
851670
704819
313284
806758
569698
425719
799537
799521
603389
489920
386302
15076
804801
848231
964059
446447
873212
784490
416518
960839
516074
218218
61811
767192
989470
631918
560454
450926
404166
817838
489242
869405
422890
459269
350748
710467
594247
873475
809062
147170
314416
424402
197492
728468
414343
994509
677562
618976
406839
548390
59547
696701
615970
976488
366944
936183
977502
770876
979759
791002
755388
739579
214300
630476
597401
725726
898274
328169
75501
554731
835750
963234
267852
942628
712151
885228
453534
578549
842841
544523
876333
529778
421457
254720
236824
90531
273048
831088
786364
499075
163365
528189
953115
508847
29434
341535
441452
197001
542385
846356
550348
856988
457726
613809
960462
567008
892574
330521
136733
269272
787100
383916
75843
938251
396865
337384
189750
869894
313850
863292
80849
158466
816380
32828
642121
191644
40351
325375
224624
459727
326165
572501
953122
958141
358682
967091
444031
138432
718747
209534
527950
77840
952377
804958
203111
345083
252457
512228
108030
906290
643595
924083
229798
886479
853587
684481
26874
699515
424808
989193
238036
392460
553715
583488
495693
39353
837029
881297
937557
929744
453879
695532
397745
179203
447499
322942
431897
410313
94283
466755
296398
309024
713725
288638
144265
775864
867335
139047
416712
9651
303011
809894
188226
994902
820772
763610
636293
876081
816821
394309
443871
867725
95743
287201
573003
514670
154054
562226
850030
259653
963066
699528
407640
575534
899240
14120
89272
660186
523839
750620
728217
455204
873459
673997
674721
582690
286563
393079
825117
477552
693142
81492
107746
505036
27249
865357
559454
148086
397278
301360
458314
361563
624193
254262
208725
588887
657946
976158
64175
52992
71534
144112
207206
273815
36124
679128
781289
464511
299462
310928
547278
264907
749775
367387
91839
199314
426569
467133
380292
558616
282993
367496
320341
948438
62229
207974
98051
952657
10178
317092
853144
786712
977497
13785
563231
267870
774494
142111
142837
324195
485686
669114
866054
77
453767
704506
368318
89578
543813
943790
278911
183714
312758
613977
2297
189695
387007
781059
609392
880997
315934
445868
728203
31622
658035
561143
87963
629854
949822
488933
828625
6371
558479
881002
995986
897521
986525
48579
582450
179692
313647
181688
244479
76126
883113
521792
715615
480570
768652
181952
422927
434682
211857
86118
519393
907069
628304
236016
821585
915667
69162
798073
97021
144638
983810
759737
355729
625116
828473
924245
1860
545630
288825
686093
722827
456138
605529
920765
343767
72331
85504
505761
844253
456865
986805
518859
825543
525919
734643
324131
611559
859358
486571
884082
488084
764126
832665
676290
123772
161267
566687
981176
293380
339316
490327
417642
861731
684130
2828
248219
709825
740225
326804
537538
843643
962955
908406
707453
183157
514217
908387
756158
717582
810074
813487
316449
280350
31640
613518
220850
345151
364001
38726
598286
734944
628105
390139
191798
753945
511670
255330
839827
987056
554388
260992
311992
746898
918141
166682
565480
597585
946795
896513
126046
931042
285444
797511
220032
509181
912281
352928
703139
850355
698942
469963
375194
552685
147071
214401
125323
540019
250597
243682
967562
805348
177947
647408
486612
949300
679441
181277
484968
472341
307263
73462
25947
258662
431471
561162
831005
745557
996457
43562
873526
297403
714171
608374
650118
632615
517619
664986
418271
16116
15051
196306
812777
762331
242100
315269
978134
358903
188516
991935
874915
33233
81565
188833
160677
715084
1878
618953
37234
77613
892364
266465
546140
184367
583990
308150
64358
756135
84740
495331
448711
760106
592244
968707
776103
843200
396415
328270
811664
732612
948646
387457
155050
745503
953757
849954
686345
483425
57669
868411
521899
470697
445618
941026
345804
5764
993446
336864
836535
754384
147572
509672
570347
195140
586103
851234
828220
78625
359430
147244
982534
567223
70257
83370
942702
205618
455135
806964
165425
810583
303361
953833
452807
123475
204630
373373
88863
246879
866549
521019
272504
356197
152711
56855
23678
119779
507929
876408
70990
178374
567786
707872
215967
74457
406625
374743
456397
214149
629827
252757
782053
561495
273336
765728
781921
985774
69241
787203
383368
373304
382787
564058
224477
364004
156161
570726
112985
108993
65978
973435
319967
604885
678885
367810
791571
701823
922064
43275
616400
827018
618979
755618
637979
575576
452515
835798
619746
898285
952036
646066
653744
448096
78387
311267
833186
582726
305410
830334
712683
426532
881648
50899
552690
205874
19649
540072
176295
374672
419713
236165
848
79583
241608
732509
837614
144134
295218
356604
313726
694195
67398
99850
459294
46088
225375
133525
694969
234961
702958
517481
956501
326077
593248
868237
252429
779445
652841
687986
65312
421020
129489
854129
667009
329177
384374
329246
944779
832968
488626
514310
583612
728127
724099
215585
596308
842796
807249
292267
459406
367519
649621
409630
576549
745947
406202
333805
600956
378347
749096
248060
553307
382335
985424
842084
227177
728207
353125
636731
428524
891107
489376
583116
248764
324876
348046
928965
345013
164908
771100
773538
310577
768451
590264
149828
427191
810194
358920
134289
196616
40747
218800
834841
18487
989615
424834
961452
722567
518189
658542
486084
75199
250145
371391
127942
568998
120186
953690
553124
804806
33694
247639
131394
691226
591102
302964
518538
615963
315284
327330
366033
973026
80373
363686
939532
234942
789246
952914
482552
29405
59457
553427
764077
755694
170169
111262
326016
504771
555399
401148
955807
93622
273273
68214
520958
329710
824775
867503
682972
568614
667573
269626
737055
757190
473553
108169
392247
777170
112611
203259
362923
826355
823668
701331
230528
839307
917139
642764
601070
354503
618043
444127
197637
715386
256110
925812
186964
957540
781500
802005
390450
48217
987753
557725
997754
787339
484152
588424
471103
260218
286888
421499
55109
27844
696159
649579
598895
624831
354693
182047
158226
286397
245868
231522
661647
868801
917721
693394
173411
504142
897167
323970
567462
125560
80654
930407
795310
953980
359153
64600
2219
763083
122866
909853
217014
390451
511795
706927
702490
539526
459375
264586
485465
925759
809784
493064
851926
794790
22388
98400
331337
828300
596159
696255
471594
659104
436129
820034
628830
531274
983152
448705
900049
245831
573555
657764
993911
127236
694368
443201
321593
742265
449546
311533
443753
282975
763934
371353
155363
51831
556045
205727
567261
576811
130138
818574
287476
165875
56888
542069
52522
937785
26974
142309
967047
1466
798250
495696
164957
136592
191292
736355
100456
465443
501333
555931
628730
938336
67471
40267
761031
415656
946379
811461
769175
451311
384905
66592
211827
780691
530962
231360
848858
546614
399748
80332
170092
587904
726496
278304
943374
768471
513475
362766
385916
608440
602430
648563
955868
634499
339481
505895
552592
760607
345819
474697
81448
310502
112497
802779
160943
413644
292447
796074
99283
45671
517115
683076
900563
450939
277635
362388
505796
431731
745768
199405
10327
146076
80857
156740
927663
795324
263281
709697
100724
263998
889977
408677
355579
611047
73617
286932
262839
672480
877244
208488
929725
999591
582619
569353
335136
486087
934693
628313
11772
95150
940360
51741
764493
302943
731663
986485
132048
636543
735538
932595
215089
728983
158810
43223
971156
200289
191739
894733
813742
487773
631750
590434
371422
109575
89711
123752
521355
842698
882632
323439
760970
647110
840658
281375
16222
521594
425535
574523
28711
921755
568126
830847
794843
960170
851370
432124
883153
886197
290331
197543
949533
418992
98749
52158
533405
424196
171807
843950
107280
851503
465515
161177
345212
922224
1347
237488
788582
214631
144079
350652
405290
259790
819869
10981
182099
623932
9535
795978
621286
614130
241128
984899
712829
865836
220501
670418
543974
809345
405971
96045
911745
490561
290194
791989
877676
515678
947662
304270
657532
813695
4890
663186
757425
258297
313464
822232
69055
831438
193367
523267
543857
638289
458445
347014
626697
387384
62451
765468
889799
104415
297161
147141
637260
550595
375817
67928
950869
332221
617550
796031
770712
7809
985576
835604
23092
797228
532995
370447
398172
485385
557161
456412
82289
366212
336830
188500
223736
756488
422953
202005
915961
457598
667074
30975
437949
721740
771382
938333
210943
672950
690757
166971
945809
108494
296845
616338
663093
183520
589959
231766
148867
77769
313163
95953
281441
967260
159147
118820
698619
120625
816838
943729
140687
838622
359649
70362
724697
82121
779929
990781
247314
998879
567696
75877
234747
601944
22641
275454
648795
454624
428466
260625
378380
898778
212869
45400
380985
388414
486233
722869
94034
76803
618644
539864
954743
484049
266060
87127
878905
40529
565228
37079
852419
720631
16816
838203
102848
280296
971504
665709
72957
586799
568130
406184
176822
201870
598601
423537
238002
226820
178917
569461
461739
760980
391891
157808
139137
655463
442027
748641
658444
489024
293124
806114
25010
958229
620646
606336
866213
48703
549046
359000
518055
463242
32082
217386
942737
194774
96333
416347
961566
511503
226674
449692
687078
150150
15144
62291
303213
654160
164906
873053
856366
946023
117796
766207
46037
340268
424433
529733
183035
479344
650329
306978
669825
742780
789891
371477
141657
445776
195592
400954
935070
645777
560176
20511
709664
430620
960660
428750
906967
616085
320919
927127
922788
683957
617714
837029
167744
831418
231882
636220
824436
787332
444842
264433
830100
583356
152924
952414
548032
81859
837482
706965
437827
223290
880412
559939
958853
510926
364762
81727
843095
505697
990250
662028
694845
536433
760446
765050
124876
354351
781471
483789
776639
398420
576034
328962
629505
480144
505541
626162
200120
425235
840480
779777
110725
253922
289540
778557
969593
639175
492595
887017
647382
132254
906685
301381
936601
224653
511657
493837
876391
100253
188807
598963
958464
286412
751082
314742
740939
618977
644819
21006
638636
149050
371155
308023
590740
12604
954300
748719
452237
619505
184323
72474
561298
734452
57501
437377
507251
32892
864447
753548
571961
542712
939677
830458
300096
182029
134050
777198
270302
798675
140835
334137
838042
267440
160243
856815
232068
930391
267951
94746
112786
13648
703138
465680
325992
927189
994009
303606
560121
60853
499006
281196
647035
508459
150920
270343
444510
800428
206406
933980
853989
817480
715182
87812
537376
868742
383087
545824
613095
926284
90258
949806
421647
852412
816734
167146
566794
631998
992506
55858
343595
713920
50762
765649
763377
278363
137374
616587
193289
334505
84695
771291
413584
499893
489295
776767
744628
279072
536201
393659
215943
869582
838252
416332
263314
939548
189896
638975
503944
448449
647881
443736
844072
65495
640194
670290
973433
691600
17319
605556
102054
241023
520358
103328
558062
694294
771685
913505
63401
52735
959155
891292
671125
463421
693299
11852
721758
896599
547029
950146
565989
168482
220378
317207
281621
608240
777585
904330
18300
301363
504884
549933
830115
828307
184253
494168
782085
301483
525655
902786
156787
544499
699362
28434
891753
119386
559349
690665
399309
232180
144582
730661
664350
846109
528053
427282
812871
619139
157136
49572
443034
843781
768272
345610
805994
366489
375943
43782
685725
50897
411867
226708
891466
235700
686621
931055
906698
757028
617377
372026
17580
725247
614048
519369
273816
81122
937846
85411
738010
291855
380645
354201
120366
254303
962739
104466
161184
243925
351064
924661
730893
886449
327381
397581
178034
690279
762343
738861
819729
565263
565519
180454
30886
966497
429724
760088
815601
92335
754658
302001
459182
672172
812958
603414
92638
525474
546980
119229
434737
254897
480801
57472
870614
680463
646857
122318
177671
266889
992441
596484
721400
738028
55909
65225
646043
670648
400208
751788
156082
388269
421984
426643
691908
433029
148933
254488
292765
917047
369891
980414
39360
638204
728263
3737
964877
937244
640765
298186
409447
954034
111135
989837
473254
177849
579992
329099
728768
399315
973887
142143
672936
27129
85371
856220
987935
446820
323262
776895
488431
81735
592535
125538
831538
858991
751556
207062
550244
71851
374687
298598
834933
964042
108278
985543
731137
446790
319643
203728
489243
670269
581907
648192
100464
696093
318357
419826
265654
86533
671246
719343
156803
394518
179132
918139
625792
451427
168878
977823
692712
829619
864099
93263
124036
75982
630370
622623
563610
780376
90477
772683
140378
362327
661027
71598
538210
359605
180150
850393
330739
933513
565136
738681
451983
572062
345199
808686
343009
916324
811024
393993
979892
830282
848541
272048
957165
618146
450478
233457
878311
615870
750964
680414
913248
58274
33143
638969
349197
28208
331158
19320
111124
886634
960712
355001
580889
133955
125263
232623
136342
304988
681197
168430
977890
430676
81016
26370
929920
16417
861056
201542
232336
446397
159870
212707
854127
177337
819420
151355
885862
436335
702673
309248
666375
935676
793773
7508
803249
786770
428476
855457
916188
641309
103516
440995
759381
946459
50822
524004
579045
884257
126921
93452
547871
836973
331637
905236
97635
440054
178730
276924
673746
833829
276710
437792
146837
625151
921407
970363
12932
559552
827441
295724
733781
262876
255154
941781
891127
705782
822969
439871
95942
904218
335820
510594
626657
142191
347530
243197
978090
188513
819701
813380
192786
309311
814543
588886
158096
184860
198877
578953
60528
52656
193047
153219
126148
844039
9286
169750
862455
207262
382771
16842
794686
291880
831014
158587
105177
577059
594693
774700
900701
34101
806716
600869
457349
990324
720020
445542
342629
60853
570447
92767
454218
84736
95891
531711
901710
292246
228235
673376
918310
585441
821577
180757
23243
948248
434015
43137
428296
430692
130390
127730
749197
883157
318962
651370
791636
299360
987216
992712
365930
274137
298771
720077
744786
968164
937359
702009
602039
958790
696629
678742
39430
524562
257522
600421
219763
901375
742795
633068
40235
100869
139653
391163
140550
573329
66088
716434
767840
768890
717641
579749
401122
705595
899143
967603
675345
477066
977442
527988
661376
431887
209508
255376
186576
736510
749621
425845
161471
956372
980713
795056
519756
215587
780721
654520
320981
675949
103828
39452
431444
881663
219049
395593
358895
694360
491153
320916
159078
767558
613140
969205
844087
460446
648197
165567
47452
36004
652268
842312
52507
6774
362551
772793
192309
939336
37291
736329
787335
474717
943673
65161
300714
896696
51392
739231
284069
722947
52558
752174
375141
817026
39343
388130
210975
59926
929772
388345
482718
841278
810277
160703
986742
583693
385377
311847
461940
342331
217694
312446
839570
848236
406005
623079
912902
82243
762178
632974
169050
41902
607996
519444
681187
707586
624069
75924
522730
813416
455118
337968
313960
636298
897050
224288
640387
404401
971984
615463
541449
683944
133912
607674
28452
110101
991240
636788
86697
990938
403212
275463
110376
616666
631341
354426
933337
105268
98525
695582
718422
801617
913809
538314
911849
571676
373212
558991
241610
252256
521615
713273
6015
329224
274422
374250
636531
708013
207595
763873
467909
491111
838792
899363
677864
191366
407398
36288
749216
25178
481054
791352
39482
608011
308459
336049
680365
456991
896627
838907
188800
98305
78870
316739
353048
988543
246294
239079
170884
855059
729850
419357
802378
871100
433350
963885
300513
659988
605000
71677
18274
297638
744747
204921
608303
809612
56063
789933
403360
35654
762145
5130
639722
821317
170580
818365
919930
840043
477717
532766
813398
766921
908654
592186
817598
882395
957442
175597
779544
538933
612126
565220
992363
844218
972076
332583
336549
419685
481614
557152
923855
257040
811587
578378
128503
878048
823827
656853
584219
731539
499333
446395
910161
407196
63761
702152
552327
700695
746287
654629
957474
705452
412355
4823
829819
265455
939015
981305
620872
557474
196014
601499
86151
137652
323641
194597
136379
261085
323306
96223
644130
880361
477420
998573
802351
813589
508895
227039
699332
161793
452046
441921
335870
634780
727332
116688
719131
850913
694828
761927
438339
138406
461862
510782
114199
304828
240590
539614
806313
550134
643569
947279
832180
546069
444491
212531
503065
628614
703845
66958
424427
428237
160657
522207
184971
771466
643684
153100
836844
933286
243552
627811
997854
127434
684027
205367
81756
872331
652347
909836
56703
267342
203737
651321
193266
377829
92567
741268
524851
998975
97445
544788
892052
932363
656428
656326
268928
171752
454262
655843
222177
473209
134590
321261
111710
510838
623366
225150
228591
651149
625849
165072
258533
441635
729369
267283
712874
214251
844886
406228
6970
957984
165985
584537
547845
798241
250180
705140
504907
438431
804878
562142
242814
884745
71628
520477
704749
865964
385092
293535
155747
918556
770020
347559
251765
951413
842455
68128
690379
589178
279355
830602
162114
435973
842293
416365
628131
264983
703445
111854
807837
807936
781310
902145
628528
735616
992922
567068
340408
390046
669975
824084
294835
912562
527136
17928
729951
497207
923454
683964
935039
356680
33481
200404
318236
644808
284308
18144
963314
960915
648070
455853
687328
125902
557484
901796
901222
808259
227374
275639
212333
544646
286980
625988
628900
879869
697940
363926
47863
88353
437083
979251
550066
731209
612627
171178
360187
693883
474611
616712
660835
719221
785856
125746
651465
896654
611738
643581
791458
801228
448533
795599
620165
521894
43672
685730
332287
926472
388796
443679
429158
192680
933803
68094
209780
77265
731237
607561
240936
126622
61908
823545
92181
199426
591669
810400
922476
567
927093
395625
781276
23015
548666
748984
335581
705716
717080
715447
3015
843245
852314
673050
349773
712294
611170
942026
516071
921266
826648
392381
842679
172847
924550
719528
163913
918732
179698
966372
734305
298664
906667
301573
826197
592144
826458
737144
116687
267146
798469
94432
936498
175439
383235
512587
456113
490861
277421
990262
247096
904890
438070
587203
365715
494661
856076
191321
308360
616081
759217
155750
198930
746272
930455
155979
582290
866139
413428
218279
892896
98053
589570
3944
17666
195755
587664
327152
970210
309210
188074
291812
66688
192036
703969
502925
562043
673485
444426
272396
577042
991812
405749
5887
522297
692410
794704
975309
177990
258464
327400
144304
810745
135554
399330
134721
274376
320960
903481
995079
178348
754289
351582
804577
705754
563033
609052
409212
624569
232951
548118
980261
606395
847436
477886
913133
903162
857495
573503
535607
612578
434330
370528
372265
259115
419918
493801
483739
653761
31560
529261
542370
624996
721495
453877
3724
462335
133079
313778
717747
764173
575990
907316
996131
179920
397872
266839
177573
979118
985392
891676
313969
455455
530448
752727
925631
996165
694742
665637
404191
58259
973723
105316
641247
265181
261460
845419
706882
596209
253903
286629
87876
263147
873825
759484
858914
293388
102020
744353
682914
145773
317220
958480
902226
575245
989649
410230
392426
134754
156298
923491
547844
463756
183791
28730
917557
999113
579395
753980
907871
498333
734187
378294
554799
817099
367686
709716
34108
207205
495344
957698
563018
309212
216528
774129
503743
81166
982115
115071
813016
875940
30354
39980
672956
301816
322804
88044
707938
783051
354228
959319
827463
451966
583412
322651
127044
201334
8685
12156
794123
148874
44567
845786
551462
161445
85821
620135
919977
548880
456837
341629
806621
441884
206798
722902
748989
292288
345418
991172
620518
485844
561183
912648
46399
57530
436171
330056
672017
606621
94516
109070
196558
803600
625196
716729
684896
582067
253410
323942
986718
698224
544568
847079
973732
161911
627500
586250
195994
448505
31095
561642
820126
957225
765966
536892
264246
750616
307412
935355
633406
168589
779444
883935
414874
92150
592130
454892
171705
385115
537832
909821
759368
569721
348359
373674
949213
538159
171933
963664
819203
661475
592029
618827
266521
406026
474548
468805
561732
28325
756585
218300
939508
799166
131354
554528
200509
799798
585666
147508
142799
240854
916
901240
840463
17583
371376
722623
124644
152995
611337
784572
797546
913538
223282
65911
394647
677759
86673
978869
329606
674033
91429
110058
206865
457512
347057
125249
366273
517385
483616
884052
999150
636168
88305
103571
107062
920269
169402
426342
969418
906729
929618
5611
679405
703871
347328
408694
668100
898298
86761
82302
681414
685952
592580
264955
763909
112276
625648
500631
883433
273756
113391
122317
141345
710641
656071
67119
297031
246768
714730
783332
862905
591635
481493
468920
451281
707750
573208
887274
936396
906739
203035
250646
611713
503932
602823
19269
252753
426121
742273
297249
325109
696058
181376
328722
278754
899839
167570
756917
463031
864569
748814
413976
354799
229330
724216
41604
347845
962878
906673
306767
663330
229622
735566
794540
359671
451355
172415
521010
588018
252025
847682
915989
618084
706154
150335
891164
628105
193775
440606
354722
616219
47918
528509
219163
330428
655255
755312
570047
810906
592594
771773
655366
355419
982263
736389
535976
870519
776318
59059
335909
247700
19057
195166
809632
785648
928866
355535
85403
185586
551970
998056
179193
581238
19990
172986
761531
420036
378258
576270
952301
874744
80494
755586
322140
948981
456905
890521
215967
182320
125466
25484
727350
827149
225710
222307
738913
465681
585081
217283
168423
161842
730681
793294
737189
89295
631788
266709
247086
620661
523563
310469
858217
604814
437733
432529
441102
561457
959584
242033
692218
627638
670670
814860
239118
325225
555089
29586
5998
898503
756181
763694
538644
788751
754999
441364
583639
65172
161135
934619
101250
984639
306010
756454
44752
112016
143735
381777
440629
8526
860206
583709
298947
779742
455895
137939
240165
991822
606971
553196
955858
188674
481234
385699
809088
72029
277257
202756
809209
244638
402594
594815
38627
370907
87353
608776
572133
317816
355574
393627
531233
137653
140868
257211
282374
871788
213450
677042
610301
123258
605610
609995
974213
394485
334997
388256
956534
646186
56625
248562
712359
732255
574835
889248
259120
307634
384886
663586
984025
726431
42829
341146
293809
440415
165152
150908
390144
378627
575923
83398
375848
547097
801986
432989
145775
60426
511203
442626
942645
845824
367006
47117
327334
158546
937128
511233
917567
750971
880234
98776
428748
282607
518484
760661
674970
17477
257191
365656
148759
569228
559333
700104
750406
87253
761876
895914
670578
989941
400816
938427
553069
834238
154836
249846
702092
106369
631951
785678
921648
324379
676294
856743
758169
196056
861200
520123
557251
767124
950205
397033
693623
653734
417335
41653
440895
68217
51101
131387
941167
627838
248044
792041
289648
24533
146554
234259
820559
707531
459062
797988
776089
826780
423898
409663
868827
698513
817311
640628
953716
922015
895789
63122
407753
822395
515954
515329
789218
516597
446724
923205
714965
988990
100950
688769
872711
651355
519518
162868
149411
315195
247243
437125
113295
306101
412062
855639
918249
50659
108110
361350
282980
645299
209008
478453
391700
333469
968659
109928
64846
544740
107176
789066
722963
615034
713604
393301
664004
231306
692172
37540
773499
687205
586247
536922
585870
259133
196064
338342
643458
131564
235796
763083
883643
85228
13718
768085
45160
610736
394513
958112
161056
275138
773708
159216
840311
160805
452471
338484
497178
494491
703411
825696
474720
14805
610226
889844
898109
296905
686764
26318
829632
615212
52937
646904
142835
23890
724687
387532
669847
197731
862235
578886
674794
746914
838604
86369
254436
273632
193033
286369
379237
293570
936434
514106
830278
771838
851423
33069
147036
907929
917329
487
955780
398033
928123
7129
205585
271038
977055
939329
227000
670901
37856
198845
72620
511258
519094
914620
734130
573789
15241
105989
473978
282940
842297
911432
230929
599683
200012
242193
757066
113484
638691
302601
816288
250583
958051
585140
368073
809247
861526
361744
996354
783309
61923
639256
404526
235200
930890
740215
690598
924099
467313
94855
472288
717351
972514
959638
238697
434125
115199
676241
297319
526485
807675
281621
506212
672081
729234
746046
928075
944601
578948
719786
888733
437913
272608
9367
752437
300883
609722
404523
101133
105611
824411
701182
952956
763962
951989
579103
333965
271397
45294
894852
671558
900957
883344
652687
827991
97585
591536
447106
381330
483340
387427
357072
779631
574373
618119
505238
8791
59921
731492
249151
644392
692519
556919
389303
146286
276396
205614
946421
723584
356333
826643
39187
269564
307313
871436
395480
678488
897529
970147
707371
268291
510991
166188
746550
331342
150195
572690
485244
381189
309080
135698
311547
666783
186715
37427
515571
154258
131922
664401
467343
200232
371895
428116
244417
740697
297345
424726
262661
264978
692274
200297
579633
149538
869351
905575
737502
604230
978036
530801
580507
683544
696440
802487
429365
616130
929557
123391
666487
529580
892377
929432
507490
652261
904833
794406
794091
924191
465468
985558
475820
476011
627369
456938
969901
270552
805973
820124
610578
930870
562989
980309
178540
912889
465866
709008
588384
886818
503033
835239
925777
326035
532406
969398
197717
971048
700672
233218
952204
783366
690041
991002
52523
163622
830718
163939
742959
660640
577712
583234
400870
539290
5300
50497
297411
678732
274503
296903
378985
574230
874910
896358
241414
513766
586161
255621
829141
662223
191773
937155
391106
34461
20064
940845
31481
37292
523934
107784
691805
232482
404414
326326
467747
543215
53833
172891
862758
459239
642198
76285
387164
537508
480321
202678
200063
413075
853367
378159
47928
718441
967995
345401
621129
148038
181474
230626
536539
444794
731862
838645
891262
261540
342512
858684
895223
523407
557959
777088
518965
943582
16047
332470
37480
795322
790543
578127
684907
489031
224152
524280
987187
969315
632178
509640
502334
224684
792817
240853
47403
384653
548012
777932
471875
530405
511939
714126
642976
652723
854087
94598
882505
842049
921442
304167
701678
339069
673572
816474
453354
438151
94333
472010
429468
604491
814777
923425
4834
845223
501936
864482
32974
158230
741724
341323
578740
74371
499680
940411
318231
745009
83279
168513
212904
861737
548186
811828
715287
305515
18503
625012
568793
139255
906170
990066
508570
448910
76994
85367
644114
13985
962804
449156
881353
40920
522201
85992
887469
433362
670216
531574
48343
675436
338606
97855
928327
70526
103971
953113
811511
53210
52393
228367
66355
121842
850337
801039
890457
425839
16820
960821
305839
528615
793298
25994
612344
583039
242626
308553
982061
552891
247652
498263
982517
246081
966541
600798
516124
126948
279812
783934
726513
367142
416116
400319
865693
644183
112507
919565
254660
790685
770127
552544
425572
375233
345455
188619
568607
207389
672777
142090
935793
640044
985385
767262
835892
130688
978605
600641
673123
965689
827052
266945
323237
724116
649011
345011
754426
11086
309528
565904
930663
109876
232692
133070
604952
715861
143435
675246
104837
219362
709798
830184
273446
455920
777845
254237
520468
581992
830093
49554
19900
898829
402708
86050
36461
311989
988252
743628
458234
457672
834024
834570
468273
362387
766862
78370
51115
907650
266591
343288
133958
392622
785703
951210
86393
938366
653886
554532
800950
585525
195206
241588
732662
159106
39503
594255
266595
966454
727828
177702
162509
728429
116294
54349
344112
775237
424755
769850
709653
5451
128411
723035
170566
867273
106587
705992
565980
551114
289904
876552
24388
885416
257468
395785
680925
774922
800314
106768
799660
446400
749196
108726
930
677961
993438
836038
554782
775279
908047
562356
842737
676409
670965
41301
390110
803703
399626
179141
664538
455889
44903
831337
392082
820477
664531
24367
760468
234078
885498
404347
435626
662657
627878
504352
723788
156770
596126
168274
662518
545490
838177
24233
878658
421484
877838
416088
160333
409472
61462
427854
283616
133309
424997
197765
450268
362842
55319
810317
850127
712208
44297
44314
819423
781633
307657
36317
362625
719816
672901
944892
582145
556088
272888
869947
125068
496016
874975
859814
868260
917103
785850
320556
866895
864051
722075
379000
342349
158306
780921
846461
596695
526263
987402
443826
843831
785358
956918
51936
170280
262664
621623
970366
670916
200626
120603
74245
855779
940704
883824
89805
676966
451092
278413
350783
172810
19405
361514
716204
176530
348513
478690
163654
822445
370422
275640
672566
402524
589637
696794
160691
206911
222061
779594
835981
310943
803987
891725
811582
553193
130751
923578
10340
57878
159264
731408
595707
515675
436515
549921
875894
505290
304666
847661
714154
538984
998873
482181
340712
978212
276658
768993
904766
342131
448602
998328
507679
648464
914453
71230
682837
421627
456730
639312
943450
917713
355239
571731
201682
83703
174962
737312
68968
243866
880428
625395
128752
492067
975227
505730
571104
53758
191985
281120
959786
521131
5066
203604
183190
209599
949859
613403
56703
976100
483622
623896
575054
133021
720846
103407
713147
145276
889190
647790
799578
196960
786343
476604
252966
672702
850119
680803
42006
780311
41211
319298
163742
44394
511189
775700
898043
253589
887090
860529
480360
974900
11713
2743
476248
323014
270595
350205
862803
459481
19344
789004
783840
368370
580989
429420
866063
679150
179089
214180
58620
577534
636998
192148
668536
315979
403618
648697
524170
679781
884748
166591
555802
625732
319651
450023
679298
170043
141922
285062
914579
238513
895938
632279
618354
800006
283340
80773
514669
170046
468829
195533
131908
505856
94477
535629
200488
70705
761806
564703
915522
527496
257700
109016
432456
745928
850447
442335
889284
633516
415355
384414
244916
707910
314718
86870
94272
750688
231586
839103
34701
498149
675203
292012
857129
938962
186838
465120
434548
744594
497185
571656
302907
162146
996615
141571
245202
569496
746456
664952
836419
808521
86169
871913
968497
981944
322292
30960
51046
326504
799714
868868
146436
514556
837909
115197
309758
652356
575542
63617
58606
999073
882545
947893
136757
96538
690888
604321
356614
189392
544219
525223
916472
492962
492736
746521
577092
647638
861914
315651
806648
491703
617934
135177
634883
641878
637224
618900
79510
252681
689256
629261
911071
278444
239157
473458
763183
133
486906
359200
664412
403191
110006
402219
513763
792320
808980
981477
250840
183519
656396
88055
683833
35287
35943
225626
516463
384108
15008
737600
70239
565427
658560
301938
694272
191443
188579
46382
15176
172698
40446
132166
514364
46313
798505
627737
465158
734314
834042
482835
712869
985777
81651
847978
388529
856776
928666
171803
58959
161292
240382
841640
658470
580138
339790
689194
535993
914541
53821
130297
104335
84494
518004
97458
66012
855592
158155
475754
670622
612938
709275
515760
972558
324055
414036
706561
454473
835402
897954
861367
670850
892307
304289
815136
175314
49692
298161
211739
192794
270477
226058
978753
704669
891283
41954
370270
902938
303564
685793
333289
681366
631284
741993
342937
448724
728381
468010
117397
994557
239063
246091
565100
374144
699579
210639
713670
264456
604835
825904
990451
77842
84125
486140
65430
450445
253943
59568
294606
161632
966668
450881
651259
21303
377619
617146
966029
33092
959140
7080
800955
67558
204549
21145
783025
771331
919713
151177
883751
767953
436404
750991
304252
513094
150291
643338
406789
194919
249517
502213
973397
452204
940165
723579
876023
148160
994923
411003
728835
868391
171714
782685
218126
137851
24261
907637
296468
473541
414728
711912
641384
840826
182327
368437
827345
196675
478608
337461
16749
857458
4161
492750
888708
756556
949845
115794
695017
459946
142655
408398
119613
925839
668746
652231
311929
994601
381926
174164
185163
43816
817379
294910
436309
303891
598779
198688
725003
659517
453647
364854
674351
771748
541861
130243
783762
198465
70749
553514
358343
17395
653939
748282
731297
213417
614072
951887
886478
110022
544357
856665
974368
440260
519203
793570
77624
173497
98699
165609
756844
973225
137470
228938
141826
977786
533145
329084
816326
737384
358277
78026
466765
707090
214148
870004
330191
390296
781361
328081
510709
989120
353303
410861
831067
20036
544237
990890
461832
243880
81573
518881
432285
911605
367105
850362
229756
228219
941396
424376
921240
575059
34503
497692
429490
22302
803125
397601
926542
995327
263430
451506
812318
459616
958534
230686
153257
539526
664639
26399
186605
488397
775038
999539
583836
212990
894787
358629
179283
457466
944583
596836
65854
853509
964472
751186
786071
951875
116811
335834
673570
796575
382189
271573
43845
429362
655249
812812
606094
272969
518127
68478
406024
93842
653440
650130
712269
278372
441534
91045
101190
180166
255965
46249
347697
682744
347298
372583
582711
269654
147363
765534
861480
335319
417966
173068
863823
127588
298126
500823
953766
338397
551427
59614
147928
499599
415701
861723
471538
387323
348062
655242
595740
399185
922986
99431
166048
639287
544299
234195
24179
868382
261652
249085
256491
193638
400734
640246
384163
122487
222805
378932
937340
629981
72130
183214
479819
225174
552120
338077
523416
615222
956066
121787
364833
162620
486713
574018
150152
930792
975939
867617
3055
369332
575170
738471
104686
903292
600456
875014
49078
716873
855769
540826
875731
573446
277535
727918
921485
619038
734529
37238
945455
545280
861969
375764
512039
26643
762131
876441
59214
470711
564668
182761
861207
871396
847682
556673
229054
622371
603652
328471
674796
961598
138501
303563
258974
421083
975481
465359
611647
562779
764486
59631
123679
335423
578918
781255
238707
819221
927998
539805
29969
280310
892329
39352
949416
473762
8961
971615
803030
515481
965644
781732
893928
82984
261665
526435
948745
164229
455394
752705
618798
61922
751863
652942
732785
141444
807720
476980
862981
586991
906151
230835
937322
2838
90662
213869
36423
169941
535283
182819
954150
750895
65976
132645
969410
943615
250758
738701
974696
709655
856159
30352
584744
950468
610481
535124
97380
301472
581890
18849
652163
804805
113804
574140
374922
165839
614410
446228
160083
332305
126310
510783
624662
78740
510982
504338
752475
294612
389033
704330
252008
811714
989181
689488
940813
456745
903789
939136
178825
772834
608216
167152
242164
769213
977701
62263
96810
40907
822965
868091
523673
952734
196847
889129
136983
541100
582924
350666
39642
226755
822418
727871
664690
116745
747060
539372
841168
474702
780548
340551
971292
824085
989231
547688
342527
511980
300800
721852
698793
571211
171593
373949
986110
422272
122732
207090
589298
103675
526396
9513
435502
662638
956957
648779
133868
14992
440691
986473
668349
408574
200879
752316
869507
829886
468617
77482
907190
356477
674369
566837
704055
695934
770957
22171
272263
16600
381657
97134
797452
766036
563623
228227
749247
679136
664646
869404
328756
418042
383848
76100
514961
491949
742324
210506
461645
856278
132352
418551
638516
38369
223458
455619
221653
339582
706631
999401
417733
595621
316237
64286
310519
649837
45313
393761
641052
429263
950362
240723
335344
593127
874928
113648
891105
744964
260795
624103
579239
33830
275931
494566
967796
952600
305046
969329
469283
89785
933125
540955
208962
865035
76500
584287
968723
544717
601270
57197
541743
224735
82579
408235
528281
370374
912249
160833
439424
655837
658673
238990
266867
164113
213570
183034
842150
723438
602263
16846
159609
383653
344635
212755
235887
407730
958123
473512
771193
316787
422164
633028
192845
39488
316193
777818
627538
183379
901264
430584
768511
624097
431095
490220
76910
595458
541151
544347
833387
99779
790389
436772
218596
713337
746551
890835
652347
415780
62579
885650
226502
475369
650995
875782
669694
740783
10218
889785
481764
599527
862063
599654
212045
765923
946673
683438
119967
188266
289514
648888
36775
693702
107392
497715
472085
848357
630101
953814
758837
94033
633125
834223
576788
162092
200089
908295
934117
374168
579256
840547
900913
820701
787998
570522
4077
208103
303475
131005
741546
659478
177496
132070
925649
104974
93997
610128
335123
787999
131201
856398
955121
367744
74874
739208
782419
981543
533005
390652
592644
776614
639210
938805
636791
907792
799124
462734
325783
75874
630478
427027
212524
571786
457450
461505
92696
989542
520974
824450
382802
185902
872023
13474
840559
660632
305174
184379
132833
372209
727551
529106
79263
724454
716653
189576
445459
584035
9425
521142
340576
988001
707973
632470
163070
733845
48503
814279
558834
564956
667928
61922
159081
269337
139608
561009
528262
890571
893330
481659
194845
43561
529684
173232
212778
404893
665441
982079
351910
149884
105616
859298
429966
406918
689243
450170
983152
980270
161090
714790
960704
625490
991869
404502
831335
57391
553483
752600
953884
455708
122289
287115
790448
451538
811521
765595
549099
187041
71618
55492
721805
385653
52593
767215
301476
501911
114390
834357
972807
377513
410231
563266
269115
484779
173564
873358
285337
182014
271236
340073
85786
731986
555784
880860
219243
440356
574716
295305
662210
549394
294178
512913
877513
807109
445162
615820
589118
220077
624838
572735
994617
277512
361478
627689
238120
129823
994188
79547
411236
291996
600826
165190
481219
85220
370447
713983
476496
159934
892147
603050
637593
661071
810585
842932
600682
355296
684456
335721
920078
150916
38783
902719
26970
772323
582107
5113
233322
823318
213795
683943
130821
345201
707144
625916
198033
638113
445878
123273
708769
74094
353014
747300
167445
727341
442890
436657
998246
628673
718884
275997
280455
673684
82442
646751
696308
861336
540476
25735
621695
396530
829151
797617
651831
421869
976534
832382
37850
426641
918353
642692
376755
449146
488085
340211
7961
608402
548745
487386
545682
27162
729146
346625
318065
500543
348731
505338
885057
25779
6525
578608
559535
654908
752858
684722
341078
504955
466327
368357
579163
700621
585914
526320
846184
639595
557928
838020
630040
506138
898010
127178
631878
881092
943336
888833
888650
930974
390091
969657
942018
746830
721020
92344
307972
673041
933679
969440
629612
884782
793210
804051
986662
887335
816115
611282
629432
849214
571448
915439
416683
353147
202635
687747
50894
753997
729101
303589
468455
783168
309946
821445
398041
976459
426997
444760
139623
511978
628677
511718
902049
7964
901255
361696
84051
903727
263097
135443
225990
271333
75785
31232
205732
953995
171260
91079
944455
157833
780042
169060
940238
513744
317502
955207
623421
683743
689872
52756
306645
614716
706843
569648
511794
44418
961912
40332
619512
631443
230575
677205
50657
885229
171065
122496
623430
822478
985744
235601
162279
333259
72164
604459
793718
916721
153895
748621
331325
806778
367682
57518
795583
857066
634553
261975
109544
888425
137140
750083
828945
305407
669840
499986
921130
779935
778698
946225
186944
886269
234857
788392
675666
897663
68114
845976
43282
365438
393564
830311
570776
177888
866225
716539
842242
582504
41812
155201
724264
457919
530335
949039
384261
209029
837990
167426
703877
466802
182491
160040
86501
542534
367127
671596
182042
920915
348536
301835
615723
289213
157971
924248
911497
701154
130007
856687
262638
470449
972847
902958
783508
63025
756485
341554
912477
92536
277500
632052
364391
144294
221657
639115
635973
638606
504830
668746
479086
443564
64901
571940
441423
829463
825340
711252
688799
605571
868396
818898
703944
540176
304823
823428
295696
554452
22063
42535
21999
319068
889984
681129
398248
170795
713928
921193
340838
745761
524714
444073
708831
684425
280461
394912
611005
621559
222027
798888
994335
334240
958530
605836
850877
403
105941
491040
346727
17702
489405
149225
378840
742272
172361
49139
466492
153108
396190
95392
177602
311698
664605
846408
971741
142893
630531
107924
597383
832944
947668
365177
807274
2490
555068
240569
777234
882253
839277
383986
85986
959842
974926
305990
196402
496034
491931
126488
861999
128313
930693
139137
122807
898195
30187
350445
692617
260963
223758
510375
477174
687588
177365
855416
625913
735410
183709
150720
296817
299530
164131
924599
462337
961138
394636
355756
805018
400308
765294
821067
850019
409497
748241
828774
468344
306184
430
602602
440775
374867
712056
433424
15832
338864
816169
124716
465200
104001
335146
573684
273905
353460
509698
456198
456242
894048
661139
927121
568880
72265
64870
904100
940744
587022
124114
293120
773071
235641
879250
630782
700243
410239
873653
855401
594939
924282
29994
765531
140009
769051
640966
974449
150029
779029
417481
896298
175151
491221
177581
664150
982817
704979
582694
692779
801464
929793
439543
309621
475076
241056
176114
658419
648358
158615
121419
262640
562186
554943
726131
546569
97376
399474
368230
445622
684341
241505
60847
488531
773176
194073
448322
765302
417496
39667
943506
901691
608749
868804
644920
467185
617532
710776
978715
838424
350714
759880
220977
724879
470017
655311
230228
640984
430193
742992
88438
990588
930190
504732
944263
289351
976351
122900
401761
74049
535115
737073
650804
111748
387178
959321
188085
23272
250791
454409
9889
11424
45331
365394
579038
79034
5983
750731
639575
824846
271684
354123
670105
850855
941320
225575
495577
61248
227473
228280
598672
261308
648655
949768
951998
581681
683165
605341
641933
644751
747097
260564
838508
45202
623102
882188
582429
944880
957808
205603
426725
850579
744831
319518
764399
741619
476998
276858
927196
992144
958027
631492
452816
758188
546814
780628
197030
537358
552954
478281
238796
778875
800051
952115
55667
136137
3343
949062
427653
276759
648562
792085
511829
158373
646108
483496
656542
648204
941206
715375
315399
840234
520127
939052
611703
335722
317449
237237
780776
574660
454751
911889
167684
413853
715704
218998
84810
740316
225465
379361
436303
441090
872055
471086
956086
724087
928840
483423
700961
702008
639419
916001
35129
290235
407983
377872
434246
593855
59717
908998
1277
397094
743541
308041
710570
165565
985136
271123
278895
378479
537720
641754
660402
817115
4780
533305
678555
768370
77893
954867
479403
381600
913409
91052
452014
13208
274651
935335
21486
867221
730684
212352
47833
322728
385786
682547
452284
784112
262823
763330
81673
74394
901501
85118
632044
597032
274509
65434
374540
59628
767111
762558
469275
287062
815852
534304
831731
459541
102988
520850
203933
517876
781620
966470
614584
240451
791524
674532
407760
811279
38997
801258
78119
939279
506504
659725
216911
876544
709560
927854
508226
462410
795362
514824
701663
852411
121494
509279
744854
488075
220976
881892
45538
992857
874597
351733
585612
484450
279426
230453
345963
256473
313404
600443
616450
114515
291033
263626
451572
900682
814794
648526
459809
818270
130636
866258
962853
746323
815089
316816
477824
752082
178385
121469
523802
976891
816509
86623
866108
861385
77400
455612
865249
560901
214022
606658
675632
548371
213482
219902
448198
111324
440184
364090
932135
843942
766406
691779
183010
323954
731058
60170
347134
485034
506645
575311
757253
167809
28355
105943
138883
989934
537288
589602
437087
933369
30967
665610
689111
356912
678592
69208
777520
288128
681123
858677
600516
498963
375065
39321
139482
591570
780321
768628
525347
523408
529942
540357
709694
780309
864272
637974
780626
15080
433922
787898
444905
343181
191723
752006
536130
770901
197486
918333
422215
871962
934262
445263
164447
107785
587586
347720
636168
953389
462995
506332
259717
604227
554374
266509
661978
334032
694775
949859
489364
764618
285237
113402
415183
111563
760207
588686
568405
133868
116532
137553
856801
459655
273627
88969
580961
730906
325848
286989
25074
547039
552780
789203
243619
878435
899424
779692
491379
192494
469161
408404
650273
539175
262884
632315
279283
813581
439875
994194
666939
802640
420022
382090
45113
441961
532164
547273
873048
307949
68167
112387
854951
598794
625839
106078
676825
299664
252477
107232
326724
465488
450966
953305
275305
697099
16308
544
134302
432156
878168
289070
142003
545027
684946
490549
569257
692042
413374
237326
96259
567039
549798
20821
944261
121427
86039
880556
416815
793444
842408
978442
342381
32419
129729
51980
246819
23885
58518
331480
694280
691081
306543
675564
377628
141237
325063
217661
938272
764708
939309
741623
523592
466715
989373
935990
714225
906297
538304
363406
839989
594463
823626
588633
347134
320050
781564
343667
504750
931214
294768
154480
879601
37914
409600
854083
935797
814013
909155
350906
824209
454501
19031
516685
781902
543886
138779
559582
52798
847807
600080
428453
691163
185353
854249
444716
878761
724865
874254
392701
157770
519933
98039
575667
777579
47846
792268
708549
838057
769784
986207
56768
673504
748041
931916
170437
74798
43682
596493
144754
788226
713384
53537
54132
785683
732535
504106
816367
100581
568007
777499
509636
818612
328597
738155
690041
112359
282048
663127
373105
899310
899696
450764
214546
652038
506760
967187
731671
105505
26405
766500
505271
926438
892615
480990
741995
657475
388668
66284
436069
451397
991700
708308
399103
879824
670819
650756
187096
556514
728336
969844
31108
985145
200107
358661
681602
340886
315966
658753
911883
173882
744412
71145
338356
907022
683379
227607
768883
763818
116677
463100
977430
730995
723488
954704
45028
295980
741852
642597
674983
383691
22288
950601
437114
287541
318979
508685
635130
134907
345636
924232
788550
23398
762747
980592
752497
954164
239716
442660
884649
61645
994034
770162
117447
479137
48558
10264
50834
982329
77185
801371
811040
202354
419973
863871
246120
766051
791848
652640
894073
807083
167413
672308
263887
396479
298381
716021
191055
870641
70703
421065
266850
135289
427383
252852
377948
871260
417989
873960
977780
873901
975657
685354
2128
331894
89426
145908
808237
664770
849898
491519
256917
125956
280679
366727
340135
803208
365267
66971
26503
858129
401351
387538
285796
738058
833127
78162
899791
838832
882052
686906
45848
305077
201121
426182
201075
240271
357758
892289
569823
364158
19690
144017
801116
745669
631155
193412
7793
793590
186175
397394
607996
618818
994361
605072
174130
223281
53044
357971
622812
788173
500601
801529
834725
112061
392434
841460
804983
552096
488494
83768
147176
498363
501026
28859
306495
583745
602599
182459
654048
180081
446928
913989
80581
879444
646311
414649
178150
189725
907268
497041
387010
215053
49976
130187
485299
212158
562925
975640
243602
626065
657730
230524
813237
972179
758991
927424
604547
19702
767193
15393
955514
232819
691111
805973
216148
238560
291921
440211
277601
781772
71359
164937
135776
204124
523331
524361
763361
507599
480099
420333
226047
281578
157211
527448
897980
365310
503057
481569
402555
3926
134330
346869
51756
74153
784016
884564
125490
846568
519777
329985
427484
42220
581542
550369
828432
738651
252487
767497
405445
641108
27406
468487
114072
274361
35146
248598
51857
846864
959883
187955
971265
197498
548344
159721
411496
522931
164035
240578
351874
304208
360566
762298
331790
762578
744266
478836
816756
965707
425100
154088
763337
943324
895961
683996
244342
968497
489520
823758
125222
84126
973511
988122
360534
542521
213213
50831
871538
971387
886722
156914
292203
442033
897866
614720
530778
611151
363532
431760
691273
49970
253356
419468
499439
220969
80949
156870
242962
917795
421460
137505
222176
926542
189308
20134
527259
645068
221734
617208
959485
576955
531447
685385
931175
377050
966626
752420
711492
706924
129431
589565
702948
126631
925253
696186
534718
155656
60417
50858
644328
726642
808019
597584
912571
540797
905556
28792
893279
411145
847231
727926
239863
424362
897325
305547
909587
676134
824791
8451
483891
81438
967895
709323
51514
980892
771385
293632
419330
235008
975731
971950
116450
333347
627756
305173
137705
381256
786547
370910
486847
828821
325175
248814
145247
311575
681793
5855
355913
383744
39549
485651
735503
973612
118310
825326
557926
232896
983081
63246
75110
324576
188328
332686
252990
253560
676707
108788
361562
785070
848831
806225
555883
113357
985332
913383
996077
214456
1226
275290
437587
17336
373392
293305
714097
956625
359550
676259
204919
313299
357385
364029
27186
338440
179324
423826
701128
698546
651712
534025
325682
309944
358895
533328
197393
683081
647448
993971
160276
566812
53427
437502
443075
969838
546942
112379
631214
763532
540325
563377
831201
477696
129458
106655
369829
945790
862519
887183
528035
793945
988466
625971
683634
338866
39553
212582
28393
643169
729690
659009
5928
256296
259507
907790
999119
37264
258407
377486
380114
199880
806958
154511
613162
368547
609571
964265
721945
277791
628089
611855
250736
114924
105006
102332
337357
334854
713827
139903
5581
448713
851104
91134
491496
33243
201829
501919
633909
891503
646026
913437
679900
634450
587514
457110
151512
493329
81940
454852
987860
288748
232348
966222
769819
199222
670287
682996
799760
100500
699095
529131
306060
984135
705221
708767
851977
322797
427035
936883
839567
210548
571600
338283
192494
890052
154502
649889
248038
910405
910985
600614
764706
999349
999525
36282
383774
458874
922589
120231
881699
20037
47360
183508
896613
297985
996148
581151
758203
702534
2266
937953
957908
524764
179568
686815
117253
824634
138891
511709
323471
770230
969219
266439
769085
571382
461372
357501
340182
36505
561017
249575
697747
261947
456540
244284
69393
928265
558668
592374
475725
44986
394091
376429
557831
96726
603869
289916
175447
37602
55429
270278
746110
368191
258569
772526
181375
418893
229352
307468
422668
177270
104285
141594
537255
921984
887044
496006
774343
543214
548274
819050
802936
387623
542175
76440
771182
524788
984717
558410
769742
628202
123724
416452
144801
634998
137077
208385
880312
568930
903174
233224
569146
868477
57647
699694
880842
864859
182852
708575
3219
43657
448050
931540
429552
249638
24891
487151
345788
127074
714200
605905
926907
807311
45561
577288
890700
347168
856558
735552
705243
635274
192641
680608
326565
778291
879957
230008
210951
939702
130854
867598
112712
539234
502592
995249
500302
541643
900102
368049
176967
535782
144386
322452
563969
673497
430594
445765
626279
769504
908985
917696
969491
519832
484911
991984
637103
569785
991068
257665
117893
344134
856242
455458
465982
658484
208446
686664
267262
53564
339106
806720
73649
297937
546865
784358
257830
979300
287862
310431
959658
633851
797399
24839
983621
857131
663278
372305
761459
363959
884871
128926
383565
601130
937736
566121
667832
676399
234406
409845
236340
939883
634248
312108
581850
589694
224049
522561
288545
911953
276784
936682
235427
747147
152731
722429
271090
217848
174283
218505
519648
597233
472445
534549
631304
17183
834587
749092
369690
488201
793712
709258
343496
722636
816528
681737
543749
902905
866137
773609
823333
525430
806524
435649
239163
665819
202487
274342
864148
444196
426021
808818
667656
572547
360873
981396
325824
357407
449568
856854
541787
774951
462818
513318
597624
29467
580234
867557
680981
46817
827544
912789
424333
747333
59200
378267
907163
942562
878073
373797
40411
774010
645242
886737
980560
237445
936928
215007
365354
345337
668518
442277
58037
286106
606676
239968
100725
535595
987025
591872
977561
966205
433440
878468
708783
955514
140043
644384
144563
379263
331852
12424
594318
598223
527718
266238
21325
880591
971831
48714
836549
950949
629703
105831
272144
21999
47167
932693
543440
60924
888726
75422
672100
375438
424945
167628
589363
819755
297848
977966
980598
510483
808004
474666
702825
649919
524647
590988
985868
319234
304342
914775
940112
721440
455004
581448
21446
191000
715873
710946
746754
575224
878496
170117
871648
537096
459291
345085
227971
458157
994209
939297
440318
632223
358071
529184
726907
520913
65015
270897
509288
728333
209103
119734
823040
795890
328036
995176
597896
298903
965537
495594
463493
486906
327251
880360
660662
422263
594212
618632
97323
257920
984064
158773
276583
936860
345108
697358
708102
148057
707990
838318
307451
573670
747931
112240
341084
484285
135614
4572
984573
811192
530843
829691
395736
349718
800413
895984
62324
503226
455644
131603
523817
389318
563193
871386
948532
654877
225889
224334
427491
625821
807322
89480
142383
167170
548645
484825
882212
977116
268141
399260
812346
302607
931596
949911
28384
792210
408365
429495
303977
389287
857124
366381
474592
467265
699642
544512
97277
471782
319639
986076
311653
528068
980052
461870
748260
985417
130679
298654
632510
790886
923858
497806
115176
332477
991336
215985
600678
559952
409993
521705
658412
667318
594035
728967
844541
221906
707653
840053
340912
508683
494493
187816
282947
431386
845100
214704
870444
978296
220848
564812
642541
849697
968746
820158
985664
954130
405562
312947
673398
208176
247006
227581
350105
914084
276693
572928
781144
223838
972336
747584
277327
117549
651084
991065
494549
390916
374221
363767
716768
768489
588182
200444
334001
215091
952624
136908
477645
86867
375746
71269
879213
934614
351624
456728
653716
935613
766759
181827
783630
234975
610949
512586
543349
23773
700179
249668
826965
20070
814752
220513
486779
309451
136582
596810
733828
548739
924713
928879
141902
81918
946783
477365
463638
284903
345634
122646
565118
468435
664572
370795
197542
363521
398458
439746
653038
963630
136033
998397
232647
955947
450675
820694
475446
784616
167366
160011
706778
350865
852210
560635
309369
614343
414354
147402
675928
657191
573893
309540
817069
943360
572839
921335
733427
929487
29917
527301
42915
202843
588013
757579
161076
24088
641040
834003
182111
372291
74288
356353
809346
485883
639793
465230
494390
145568
682468
110621
988107
364426
64923
379592
266314
650062
187658
544189
372039
894300
472972
742423
411028
472555
966551
349483
59705
290352
849976
763905
723717
208250
15971
816295
640966
975410
353155
227932
714219
732480
487514
795408
306290
905264
915142
532139
831045
677930
499645
386312
760699
421445
544482
768644
362598
455250
916982
88987
852401
111940
950581
216939
457191
448943
101931
347879
596686
79224
567783
37160
655968
654129
580067
899642
237491
80579
837400
361148
684871
293712
204472
639422
599229
216013
704929
514878
969407
379457
227487
845111
537256
148661
434322
34169
436514
728429
942914
254931
614794
569970
451594
450078
974229
907310
916968
123385
731924
341151
965317
27730
245993
865098
178658
26868
145921
804869
228052
673512
594000
113374
68036
132621
642912
141927
605950
30530
635034
579697
862530
471288
483984
611235
505700
220698
577258
552227
538539
467925
348574
210814
964393
866044
771400
151727
362646
745533
824435
567293
177517
723647
859743
208875
866532
586172
694996
46875
904724
462491
671097
203027
402089
739458
950343
751565
12073
485670
972609
923430
261652
895303
480254
62166
538845
387378
330375
360658
346447
634092
4892
740099
226512
546530
97657
913872
537129
348345
495982
658407
860138
267410
238893
574706
425157
280278
661859
283755
938572
625809
400046
713465
63920
973806
817378
738704
963180
463723
476543
890786
622764
277001
612099
875872
249561
695428
772974
294490
344448
601110
813024
107538
433484
731785
52509
230491
914519
422747
336238
170492
880884
543252
267414
130564
568514
662086
447988
423511
335283
117142
502378
223552
130572
542355
173910
285704
149871
762192
727834
330526
322170
69354
664340
71616
370393
243887
683412
504228
162397
331274
670229
160956
612361
611393
425102
269947
590562
319272
917711
549784
903549
818718
727879
307501
335805
206901
339070
902757
213110
509871
780897
934141
304636
467452
324975
844005
758041
890432
527440
124219
318062
555105
450742
447274
573552
225893
436134
779698
283324
472478
180119
810774
792593
616493
928125
753979
609918
10829
902390
442374
93486
898351
384657
382572
749317
728234
189727
80523
768859
5692
666843
839752
853571
841282
596852
423521
379202
354257
226112
286365
173818
577530
77312
327753
265734
370563
115202
288757
222383
274513
329385
923308
728130
391274
708068
991333
713052
987401
23316
312527
190908
885752
473699
498048
625053
623443
244023
320014
347432
600243
677653
472283
376331
948437
395764
799636
952685
641262
356744
95647
778242
475441
463976
304010
199139
353864
223429
521117
202883
501908
156833
333755
299973
306440
478918
916487
928843
101566
57761
728517
168543
166073
83468
397202
613305
719036
154800
51889
994271
345018
5546
130908
265760
400960
203295
821675
62140
342001
67281
138543
996425
851559
861389
397774
679671
27834
442031
564403
336464
128539
39345
168693
592519
311863
763840
342816
614175
338333
595770
91104
510661
304350
94168
469477
104898
457336
698663
633362
913546
276774
349517
339026
646935
146486
285814
11342
734939
763133
467705
716591
731559
248526
170635
852493
129458
870709
728387
618708
124141
663669
588178
868149
382326
628942
867429
942895
78714
845238
912386
688772
110453
943343
453810
631157
306860
126796
869159
772003
676169
661255
146176
718785
786252
323920
594937
113418
604978
718990
99456
403623
619246
141004
881084
132682
996023
736260
700459
690339
99584
255506
893618
201468
630248
447752
624768
375749
5497
753029
968201
64654
885405
684128
103789
621769
916299
992068
625341
578397
957007
765531
368975
62861
836415
822171
650819
647645
866222
275718
803732
32454
727403
531520
300481
518591
481091
296194
2733
149501
772834
803904
1666
735965
548078
794264
682330
495668
633365
424886
326137
202115
480044
866604
923402
618586
743808
316280
608789
646444
233018
770426
613116
630179
372759
866609
642292
760950
222196
886433
225871
633626
493611
264309
835174
557447
24840
139318
609074
652057
465577
496861
937612
649101
412422
263502
361945
237179
159639
421722
809243
396280
193856
973119
83822
130288
228125
630461
152192
12788
709135
840810
817688
495620
416410
299066
27219
418838
367863
566376
683193
232334
969712
662001
101277
752744
938083
753060
301729
653421
618538
238121
738303
582759
119854
631123
231386
956111
69166
158160
317533
434861
943677
10789
150571
693371
615409
12043
46495
989251
794256
582701
9448
107756
534106
804403
41027
603210
308420
541538
116816
374996
353090
161035
453924
51580
675762
914198
182137
515473
581597
976422
123572
862750
732332
895801
654108
409123
756280
845980
383202
182453
684614
342895
285150
876052
386795
220908
924515
330701
165292
621839
736487
625190
456092
415993
919407
693566
102049
198578
15155
709943
543121
505714
338373
159988
636878
377719
251446
576122
847020
804358
746848
160985
165623
976204
731930
286513
623885
658762
802598
65607
613872
386365
579236
485960
84195
779805
764
49250
848789
346102
802726
859469
920783
751876
449994
829116
452977
852275
563348
450233
79724
503179
2939
493109
731459
254459
701334
378427
407985
738777
919645
98145
693846
926499
485938
477783
215935
553951
811090
132379
277253
853416
840480
129552
304193
709442
734843
441918
945223
637058
527295
43233
682968
226052
420871
640470
7651
940283
230556
807729
694726
649024
226491
692976
186639
563667
974989
790531
683669
583719
950209
856348
886220
217463
47326
502777
301664
723559
918901
285173
514860
291533
359460
735528
404929
416175
572210
625114
798196
220277
648767
855077
943988
222936
333379
144123
620346
948846
945943
676379
572035
4598
240444
322300
67259
579804
120358
634813
620920
455144
38295
541014
985417
964219
938939
95707
444500
322226
74285
572067
978114
729272
255258
147743
942376
661361
795935
413198
836466
562425
410383
907675
717780
984582
319327
300782
337404
273422
63256
901370
200249
841742
801122
583874
135096
810287
531798
772900
376983
623958
104140
47827
577921
935598
640839
378037
688555
259088
750023
863023
297304
456350
25341
685971
233182
273895
251369
252212
855673
262482
745720
916431
556626
674538
375426
505945
850357
887517
708719
603404
301219
378244
953834
198857
787929
737898
375845
20144
732503
859125
124078
314140
573645
19099
585432
523073
203790
461657
167598
767947
688804
983900
123698
10395
74378
537462
633025
263181
770368
678138
711605
924513
548895
339735
168590
296963
196854
920394
14412
350770
926833
766973
551766
662519
13984
436898
399355
181032
20384
233949
250410
96339
926682
603408
171996
178416
53434
826067
598576
85298
859674
33959
519770
272845
73761
614370
390676
630471
437358
95137
498759
219168
177930
192008
243033
625134
98047
347671
390141
737422
303983
317188
385529
790678
290579
528418
641383
413928
284908
706697
281384
81241
758403
398151
752545
934429
288834
810860
429771
326241
516315
938830
795977
850463
608679
680930
761682
753214
474895
260770
180991
867847
894148
500509
194362
234362
300925
352309
298705
378474
865808
921127
413605
545188
712009
856119
279356
93603
212808
511348
47647
368000
628597
612734
850909
337789
661353
904194
671193
107793
561470
304590
680003
780205
650788
584366
283932
677228
709132
402415
966085
977895
610105
391141
820839
183215
361549
602969
180442
117955
366177
732797
471934
588775
495674
158666
956898
891815
159026
870001
287547
416732
566157
61313
41591
877456
762486
484618
249517
532301
945320
415972
191983
733200
331436
404882
782544
836423
209813
732211
46586
123746
9991
27874
180627
521165
754107
946485
482561
843413
722295
6498
78643
523448
934488
131626
952457
233367
386023
701812
922351
758594
146760
166952
398237
243940
136368
603075
869167
389884
4182
294121
678282
735193
54204
25086
140027
895667
809943
672148
288590
791634
157368
48351
554388
198346
509253
547494
466913
472017
747272
567924
377598
388134
923932
420137
140232
326425
960396
43252
782224
176569
354787
511469
867595
467941
523977
492400
683320
558710
257546
435015
412630
312152
689399
546311
25638
829393
958857
462365
206720
772759
342746
543838
538754
318052
916016
83569
277550
16276
289339
732464
234017
306057
32809
72667
347650
940062
778967
818062
233646
248056
544335
348681
677891
768969
452043
207236
617721
574475
421939
490991
677195
173194
369058
108820
427641
981932
772016
809357
585586
183149
420362
341009
360615
34623
44758
440641
330193
578434
566113
129027
561311
389666
125431
442932
293827
288150
355108
94084
477667
146005
726276
472741
346846
397374
311855
73378
600077
954462
512662
377152
970198
892319
137969
697258
841560
294291
893710
502119
79356
21696
59137
964114
235522
952347
446138
66793
821804
571191
74151
510223
799836
541737
523511
645894
240889
808528
716842
222678
269165
420639
536812
77250
183505
927789
248150
561197
783819
764906
918207
958851
697435
386503
892383
354421
628485
839906
928122
974105
143666
259254
748425
226766
442975
219014
307950
603356
512424
724517
370826
254473
400098
824974
768261
100793
884078
541535
131484
348378
648224
75678
20772
270786
557524
522874
927513
155013
865511
49376
66679
940050
913230
172569
489740
766552
84156
317391
486066
398110
294766
297156
698203
547577
262989
786221
555340
490085
322339
648117
532066
639243
236404
898251
15695
705949
216589
514248
735163
467421
505737
950277
869297
367123
620721
342030
551301
896412
51652
914825
78204
508201
334556
293852
998148
31673
712159
945770
360082
716766
452870
273656
436994
371020
952577
655249
617079
973903
996118
801736
924670
67175
87318
88035
514831
526202
980344
432282
473855
648824
697238
190011
536839
877906
276841
57860
313048
298486
169172
1851
532845
247061
352816
590625
634161
583301
437312
572823
573579
596296
149882
311171
798754
727823
596491
52223
567593
475597
706858
670994
404364
806404
651203
486783
828972
387321
838058
761323
500225
198934
762275
305664
400330
589281
563293
546245
939274
491521
278925
763153
638534
663397
389142
900935
6017
921301
352411
811864
936763
832819
788766
492172
626118
845874
572253
719637
262145
285064
456025
848589
449447
724609
333382
404553
167145
151405
899894
913366
180429
42655
575685
672566
431888
559389
382347
377535
40484
706474
359764
960620
583650
977663
754307
307662
961938
298463
960896
94578
363486
690146
613751
826902
968008
404791
256830
845699
469620
703709
58103
759356
205561
401965
929000
55195
231816
105635
612250
333215
816888
587210
391388
549312
663075
339788
937088
447468
505780
814961
76925
200596
5332
59232
434912
983436
242304
63432
272446
283385
429986
765183
777799
819948
619160
479726
424375
647937
348106
450918
544465
551440
881200
592429
323542
587576
655827
77773
74738
558912
97287
603003
311441
519306
700315
979364
947914
849801
531571
183640
586598
601676
328792
122948
542954
543534
299009
367965
88961
823844
911534
130933
687159
828338
520443
376930
981682
231901
332324
476565
176420
271940
550459
594120
766132
273558
336862
840445
269645
648622
732065
223864
640429
323693
736184
196975
313684
713856
895669
916219
175089
77576
867611
282247
956653
604986
33792
167869
329545
110062
973445
447100
996525
973946
334355
384920
363869
78259
313218
312017
778083
565089
253028
556868
837157
161040
478574
985852
934640
453685
631139
101086
107877
398247
940280
981258
281056
549200
677312
799863
731456
750652
987580
869417
564657
808524
296061
595953
789777
308409
761814
906545
365257
954604
439126
447869
414796
541103
43257
173651
539034
454565
803157
983951
991770
829319
225114
214609
608829
385854
918683
663093
27535
554608
382723
21481
552203
475681
248585
723879
376721
143468
709203
650942
952675
247794
837946
943587
441483
61006
239011
724533
468010
675010
668911
861755
290057
62566
908610
804834
963934
119498
706587
790591
634583
765301
869145
596912
612310
115946
13225
418982
804546
412302
653026
320903
130291
545417
298035
514452
462705
395518
722944
255481
590670
98916
274315
618490
20762
465230
341541
68465
14989
174245
262679
229558
161736
346302
437272
852549
463244
240344
96668
320203
70597
497553
341530
806342
690780
400032
501983
534700
342858
763962
129190
319076
610027
646272
678522
666656
401916
424086
461289
471773
771957
283851
296910
216542
928993
631547
866868
188544
898533
544023
350039
169224
988619
831163
874295
210627
502704
927
880551
817778
42105
118753
992630
901090
32787
457198
149483
728985
71686
617264
954697
237642
513299
988188
752939
778746
64363
228793
816629
356788
714538
488140
802266
844681
104763
516243
576894
221285
847679
20338
539938
825763
733925
3796
203254
627582
352831
72090
329666
729779
444841
202502
510853
462592
142242
4098
494396
601619
508881
577181
226119
264694
731537
218278
979479
984180
52663
708117
559773
330907
35271
484612
940288
641533
440272
752938
462901
964303
941226
275475
59417
403191
652418
812498
237030
6946
574425
866716
32685
771743
38871
420767
48932
293979
89221
630637
558101
482460
324589
724740
529988
453731
144855
270838
558909
491956
554180
38097
712735
739658
787337
492797
948521
1379
224419
867747
503496
83952
405945
754435
504806
707731
747011
348345
103227
967316
570032
211691
232026
666319
370745
662864
124487
40411
809639
699285
248725
503529
258970
599759
976472
131637
624501
120074
62114
926546
383847
942934
814333
984010
168023
13304
313764
745597
392900
103864
334800
816638
542768
548497
439385
181961
281542
581964
845316
649399
534654
813548
629401
21914
216257
748221
317457
488495
565458
750483
452835
257611
967193
804166
340884
30669
991219
263314
646316
42310
85766
367086
8516
535801
556621
619910
646421
891132
719673
182966
683506
355220
784579
516480
240774
439526
683658
859723
749317
259712
710259
858701
83302
366973
428629
715510
658245
194430
232633
814048
216256
843522
