360925
185995
208317
443531
592169
52802
537626
907752
662536
669018
517228
928793
508982
696365
736653
990445
755650
983110
89047
237324
816714
93600
851398
392354
612168
507026
279543
97700
594486
85874
279756
833938
869688
95203
22489
691682
225691
889212
870505
361338
10497
531156
289441
764366
625523
795022
506263
99793
80893
680845
225883
873652
507230
783308
472196
108747
336448
746009
153171
519996
286555
606300
834795
569708
994043
184197
723761
263234
308401
738618
454831
831955
257105
297374
1133
808242
952725
533842
408995
421642
951646
271372
743891
972928
259288
943905
461551
211340
717261
201706
558147
980473
252897
221860
864200
618853
771824
914625
255863
253068
115605
709693
806335
863463
213471
980104
969594
360779
144419
886128
339141
320731
770263
920565
517524
342875
271997
786890
843625
999409
215390
798324
658269
254470
592981
290939
873707
537484
481361
292221
910139
982544
64932
429188
663241
46817
606756
654903
951892
444104
99540
623435
834387
16737
341579
457419
987515
398599
237426
253580
447410
753200
774390
262657
176124
849346
914754
200977
465114
182432
890368
496680
46021
583654
781714
745077
244652
674098
305936
462291
806920
401572
235659
979424
340992
338779
823913
40523
234301
429948
947605
933669
135503
918346
816354
667619
396448
293381
574918
752131
805740
438730
632905
158708
716732
657623
674865
90425
225153
870937
51314
509657
835111
799918
227723
266649
53176
830946
616433
30304
35899
961151
232579
933920
478545
390483
337992
886755
324128
41754
683897
44767
742129
593233
354577
147707
687347
43818
144465
765203
111632
636332
339570
129122
630243
307772
66761
469
741929
329318
867641
170473
779350
912396
288197
619184
180807
146465
744951
771015
543218
107895
206185
241565
396756
80190
809024
420996
246060
925913
224372
280333
632106
920437
660478
519935
659908
777101
793228
6563
353224
189670
780649
322535
944664
553025
537912
110375
198184
53444
917196
979639
808278
415108
940329
246918
584328
731389
334167
210017
429225
902439
693548
146851
437281
872005
159639
435171
592507
7843
974639
315098
139489
216030
548363
337140
930494
352233
306654
463417
250623
684954
296077
574508
694353
953278
200015
397467
751606
249212
259419
608048
244562
925233
723375
70339
245615
555894
598936
988210
769741
3822
995350
819376
872021
328091
113809
612754
684878
262040
968489
404888
90426
144390
596385
309081
604943
495907
168351
45507
884174
703742
724759
171090
487562
281805
875252
133243
5435
681722
605815
995830
20398
829439
191056
203239
984967
534261
472265
426612
339497
961832
22767
797366
720259
722405
307933
629646
321713
83002
484655
718024
211681
362050
581321
947808
434252
287533
253846
314818
718488
780656
913196
790731
116221
662393
838833
873026
59696
190611
43695
522717
282863
336308
510136
779257
568389
172605
506759
664460
784986
125538
872324
753158
106822
775633
161466
223072
599018
207018
707694
657567
678824
78345
633244
454376
746725
76079
349190
756268
775203
813739
41353
469539
162154
283671
372520
355642
253141
187774
451337
59969
291371
709629
186065
547636
194502
583687
422051
763765
558011
512825
575146
360761
895512
159749
315030
666059
987304
973287
204135
58664
690935
365101
609269
840184
380986
824054
182147
500883
530864
665363
710897
957098
543947
556376
489605
664848
283421
640019
390892
644864
897907
167519
324458
754440
873442
283887
817853
830285
624521
977242
747391
915357
898981
445879
323633
871779
131027
834787
570788
511917
69238
289090
552476
638262
252502
569247
844689
463070
792199
773420
597782
276449
599135
292538
346363
915943
696756
604080
563261
627728
239440
475542
617790
517188
960780
229584
253551
582323
465210
438304
728835
65806
694287
158685
6354
833921
387479
286000
364589
737896
394561
23743
880427
723294
931233
173980
310302
983756
877393
245201
500252
47836
771811
3520
777196
313129
573315
576765
28141
807215
75200
613688
63377
911281
234834
731601
709532
196765
221334
750980
290625
741888
694600
877723
859550
707197
117282
968310
720406
339461
796435
137882
124355
537718
430104
328940
925378
894104
583116
47319
982472
814590
336658
975455
800392
838098
915295
264352
718369
936929
993979
564375
526891
514433
440707
689087
965903
576469
606395
255198
836847
514154
309970
542324
88907
180810
509793
788277
18361
711158
477956
926227
210790
988725
622538
281026
563502
52964
303226
849019
62170
604106
491649
815317
48435
630110
217817
590080
442799
362004
186380
509276
956408
16254
316154
770043
796436
602666
607859
507370
86607
576179
757727
588513
937279
371491
531278
473236
827380
130089
63930
240392
793241
547794
839672
720205
477992
503997
834187
911216
379050
419427
737810
539685
476389
219884
109650
6887
574750
92893
343822
662847
850725
112718
767136
320682
155323
49860
450844
167471
889910
81188
123805
282539
186695
250896
964028
370251
514737
701156
270147
803669
112520
631885
611412
925898
713267
840471
137624
733743
350957
909622
372323
356618
537260
421333
559273
424734
463567
717180
229018
520594
110195
60
831999
746427
98050
523116
114306
694785
228643
949496
416197
691590
793251
720974
863551
326119
253130
166711
17464
27918
213572
613332
404384
579153
412873
412473
367217
77327
342903
524399
384166
189195
784264
535611
10765
739164
459227
925027
686200
366634
500322
507112
44165
835776
169990
300751
959417
872951
210262
286395
385379
423896
331595
680525
884500
790245
519042
704002
748688
599600
674505
542772
429221
852625
726859
962437
173590
640419
988168
224685
850595
13201
538513
942565
185457
989460
363142
109751
980739
353813
646281
222856
579367
928448
55515
432717
343927
37106
605604
57076
821279
955969
498004
227965
831602
239055
250405
538166
960304
857167
670711
51271
762205
368004
347650
179469
563157
76278
830347
820588
791802
322463
546567
613902
455034
294782
402684
200610
371573
566533
222959
168296
203968
194541
107499
277807
807648
701172
380624
49950
291808
168487
133697
12558
327128
401427
60525
892161
397914
597764
787484
474068
602574
237278
939962
98147
166918
742311
730978
19412
537300
924072
501288
183395
192155
51917
249019
317277
93458
455112
46300
865551
368983
162916
91100
73897
207357
950498
16208
216104
53075
138406
386396
906160
116384
495137
835807
648270
752018
148789
619954
602915
919894
620855
153935
236155
419267
282405
590418
421668
971149
708138
723876
723320
345035
288202
755847
933877
389909
897541
756716
561214
376084
98303
764538
916649
2952
256105
195293
258608
976125
34855
164711
875227
349908
742551
684410
701438
107115
593612
360211
661436
889584
129035
280813
482831
232965
710021
544538
549246
693358
778521
988834
179639
565039
646681
186822
587141
17539
205647
612988
412434
250402
707614
153718
483956
368239
334117
256851
329596
800263
793141
30864
859208
285012
181105
362322
570519
34353
139387
771037
968143
517512
506572
51383
878120
862191
443825
205530
944753
417557
732665
165837
318230
788996
6623
522309
75044
433734
697244
554975
921560
465473
764263
392093
484893
394605
680552
482375
107920
835080
510163
6321
235494
571710
254137
729833
834628
509747
448185
32056
308607
148106
138643
452818
739323
863298
885952
910198
777182
53810
500359
952558
486096
270357
342347
98000
811289
605324
155557
503772
261183
244229
764958
880635
287008
564020
893176
444881
200393
353284
530827
659598
184073
108736
8366
955212
191482
963331
303642
675641
464851
257991
626876
105287
722554
161249
920692
322887
900729
549149
761792
262283
687418
547301
196880
480693
557574
145883
303599
272888
360365
972865
585196
314483
260843
441028
431211
8385
343569
515707
121987
21351
649876
540796
470438
435470
517280
165134
977755
875026
322669
573270
823431
967361
387248
622431
377326
169430
341496
635373
430960
872312
197373
183156
351430
943009
983265
133464
493779
734213
256270
746325
503372
151115
496546
187939
478472
649203
157517
745382
391743
499715
85609
307966
580382
27918
875373
345517
821083
202108
995565
285427
956688
620298
574869
972393
657247
411705
619516
771924
184136
233120
534018
831750
72078
919985
233774
339762
113883
131349
372803
350394
698441
690164
221759
126014
608840
487291
397331
154802
317987
612490
306691
873294
546694
175179
868982
506986
121301
604789
524679
70528
264530
934504
658262
611001
979086
778113
387809
705236
344438
629315
667266
597212
686787
29596
141533
962167
763927
536767
160594
648938
510555
313167
623932
84692
285906
339936
331794
976818
58813
710732
781783
623064
377981
562246
920613
517916
124591
500398
659792
389959
621906
643683
765185
231802
593639
461160
505150
498915
889775
570179
766551
724364
935493
945568
425675
54531
747057
19267
307733
32140
9406
809132
111328
458111
849014
498353
805521
6983
946537
782411
768277
901923
145494
3237
574600
533102
424021
572669
540993
614991
500788
275180
904612
346084
977065
663557
998723
171267
321298
786731
998769
571949
93707
478886
69541
638202
126670
578413
740778
573466
612276
547190
774523
96733
995870
603751
34399
86832
750225
744702
71777
482598
370616
811545
576398
324109
898147
232020
608654
607353
554080
609566
653392
567199
963514
677218
872318
352358
553586
485155
756337
381453
49244
613703
508731
141892
539622
785859
418763
211731
72223
32822
568645
536253
430844
323721
373371
57122
690147
813304
194028
487103
219291
705888
427921
115573
465664
174958
472625
301570
56256
694046
646747
3254
507194
185447
106488
302185
455436
245842
433503
25472
217779
138397
383896
13648
367944
668840
727630
157176
169570
90453
990700
6958
651809
86491
731956
326965
840728
898222
926568
988923
387137
442106
440819
777903
995818
757619
68342
209206
416772
971456
309247
832027
920269
874479
6163
167299
665271
795067
42486
742370
38361
526777
618442
166809
579820
304302
561772
558966
204127
383395
833904
559132
254384
893362
401602
730507
233502
224479
791450
978367
900780
112896
274225
672012
157250
652928
250678
118607
715719
218033
233890
10873
634507
660182
298021
323888
336543
183409
427690
135692
134857
204558
529847
525447
478853
916745
174727
249903
802230
218943
114167
63895
8581
403205
579466
796069
151303
189350
524464
133361
718515
239686
352826
56074
390287
108891
67993
216892
471477
903191
943757
489332
393224
755511
64267
946325
435221
275929
796140
817441
350209
979426
357434
307776
929910
863363
620249
901662
554396
611111
395744
367633
714810
252517
5437
418406
630798
24724
988096
729825
455352
187489
226091
835598
211429
955472
894950
725137
108297
22100
641007
836853
939420
202280
195418
233337
462736
26139
164223
106560
673006
796033
873680
139392
333514
760995
885069
745066
896948
987487
357084
743770
137633
813590
153159
670031
417780
53298
170076
867353
837938
14187
849346
649574
548313
723476
163489
393909
499148
708105
630689
811281
114198
219834
855782
45946
209840
351408
815895
863643
889249
793702
239931
585909
961890
994166
240446
423636
509419
30891
846993
820990
869760
949796
908508
223782
401004
131996
56257
635298
344815
101969
101980
157496
955107
259424
587808
686280
913224
209798
982819
257588
759551
219366
736944
390458
748121
394814
48534
748455
257449
172267
897001
998581
992677
509209
442866
493495
767848
833463
523597
500987
759454
853176
132653
939040
311769
273519
504061
387776
571013
691527
905176
989832
267769
107550
132467
89324
235441
492686
786078
765881
90577
750947
593253
994732
359715
861895
878124
53790
624800
688278
873796
925476
975136
376358
674137
932900
67405
946732
853671
740754
408645
870227
16884
900850
239566
852691
648454
753343
204641
178320
237556
967974
107902
906805
292967
264325
613284
973951
31411
387839
792412
805092
495587
467049
532386
121556
461464
677625
706512
86347
266622
703605
543600
697613
434788
978827
718280
808976
489782
336192
647305
882490
486310
759078
403752
873068
543887
397413
440660
245953
844076
199178
610187
154658
232603
652162
428131
231873
863035
445236
581339
809692
980809
322908
807105
855389
606694
154765
730343
662594
332732
476483
779246
695341
964361
878800
314654
760991
717589
77906
177754
529831
448081
709611
337879
651663
404544
838731
359550
764445
746530
687246
956042
715074
151039
660647
861773
609232
244032
715319
742280
785323
714099
764987
433416
512628
245480
148515
429875
833407
635539
66010
137787
371970
366799
275823
761916
945245
34130
185998
91864
532228
324181
971096
105916
774314
459950
992023
823305
509538
503368
138685
982931
464310
783334
646096
870717
16975
949933
860705
577134
416898
19
196328
229640
583096
321639
827659
264885
817182
660506
725865
32138
899369
184639
212603
367163
656695
256943
231799
340129
270059
109235
819677
597355
41162
70254
694817
913695
635483
658088
442542
650076
818125
404217
464629
905932
459177
562659
97345
24690
461872
590935
223227
538270
362966
192282
676841
19439
637776
844762
398354
437211
718381
34469
570234
177140
147854
544619
963131
431742
566735
91231
998735
759675
498805
16241
450463
782762
816338
196216
797550
464562
26367
280883
435168
219418
307156
720374
809026
314923
865466
138970
414967
751895
698991
540772
851194
932528
231581
651114
82729
878469
755655
660126
60225
468248
291564
445077
441162
269649
976784
812404
743137
821565
679009
896519
853648
3529
457789
519524
580547
112630
686155
744632
202016
684546
212597
930150
729392
955096
245856
698851
149663
150402
753002
282332
776777
59737
80535
586108
868901
999576
486683
617667
647727
803291
152721
787210
879434
46920
779309
340571
309010
781717
154926
403723
535234
699210
503532
248519
972273
448723
821804
442359
449486
503646
591069
48053
685034
378260
527917
99448
152482
647196
444249
125056
399024
791665
255395
476676
991185
575366
867785
135663
22143
887942
132327
186903
108432
108698
611492
754991
427274
357237
447898
444658
18963
328071
439206
103104
294853
779196
709366
567074
580516
150328
161649
866498
534418
488832
26605
185026
879710
297226
899244
134730
399342
944558
361048
555484
862239
920462
784548
336360
750775
62249
470425
988545
173814
173425
300742
65666
755582
569334
444722
771487
390951
3618
234599
5932
395368
997918
691033
757488
280285
222928
310579
428976
843644
484760
353799
369199
588362
520386
553439
783914
124916
653681
823480
196055
825241
586666
240919
591648
835768
578710
766489
955445
578910
280111
133665
563837
476979
2155
540787
774349
892189
182799
148323
75002
655168
823037
826554
983711
276724
980524
815502
317007
803521
307926
789900
955807
979725
931105
231060
717835
967826
761753
436795
295704
931913
520377
758649
900771
907242
225492
770137
358988
913482
657600
450983
744658
96803
315493
226232
218261
270098
529092
803359
885126
273880
78926
14660
148470
681339
919273
197969
447922
63543
270298
314480
2579
139911
195305
246814
815303
515374
673478
921696
939786
814685
304950
91341
353099
171925
46466
242570
386824
590250
255996
571814
576881
825194
507144
930309
160895
65464
258156
233836
386135
630225
437144
559420
362974
155421
312216
301204
141337
700355
450035
867189
561120
81852
264293
616977
313402
385299
91488
274991
722671
793095
193406
709608
761003
322568
845319
796823
257987
788144
572861
857072
773535
59030
60936
712868
5490
402268
291018
886654
214372
599818
855139
892504
734221
590268
941772
278390
656821
275964
831213
312276
777460
858204
146237
57289
563027
700860
82211
371673
881174
440690
713539
762259
429462
630657
925839
933730
897073
827563
926989
594295
886165
849530
553229
875171
628684
709376
332407
617189
688422
274348
429146
65471
560877
636235
973861
584982
386113
154138
592245
687694
47056
354460
249519
335115
367306
79686
103333
309053
441767
875013
761714
48067
213528
213537
244824
929732
525271
871943
218131
154672
148945
576010
398033
9165
322917
498455
106040
572950
632512
122290
264053
368008
777113
712777
155992
773210
536735
706698
474365
163951
449065
468889
891119
379941
346147
108412
13728
519847
706020
599868
629705
713251
115678
837292
551662
143689
47280
717141
167004
43891
935254
166752
425511
133824
513921
105912
162255
286836
589569
712087
842683
234405
604288
987890
678495
343913
128031
821312
839731
134284
253262
451549
587004
322852
329542
546990
762109
446331
703360
26402
602986
645131
263700
852678
731893
391357
684849
208342
951093
764589
133697
978884
987296
810338
59255
304447
514814
193345
124443
535273
336438
799307
576231
875834
324654
875628
43902
860208
231281
469087
891442
405708
399785
449251
41307
768074
956399
199289
164947
365893
529640
509236
788696
438743
260006
772701
895699
394820
226161
406255
508967
900501
598105
899298
545334
648473
586637
352586
305980
427435
731151
947951
839838
698068
475343
528711
727485
283747
389219
392040
812526
253776
376461
458788
504471
66286
178237
406400
270876
382394
891737
997139
492559
866363
717347
208079
191660
653659
677640
28992
554759
80075
401476
525192
551311
574728
151848
436220
453852
343346
334888
740797
905838
518476
574264
322777
190278
886791
799033
796756
738837
574509
514682
573486
988494
591829
685801
357208
659197
981512
596696
636543
160152
231473
61871
241200
929696
799962
931831
644052
453528
780002
98124
400395
750499
314305
770362
615945
578957
703668
348351
497582
938834
990173
105430
894305
484858
936378
386770
828402
90367
210922
30436
141780
145283
47051
299280
379705
739237
449305
364117
542212
119751
453749
316251
98061
697759
389247
830375
669787
746407
798864
706099
42859
911826
890298
320118
646024
829490
922361
124800
357886
427041
9276
299405
662541
967493
568924
544869
956452
352949
95642
844688
452330
983998
809037
236351
780653
504227
135562
909533
937910
336437
409203
750539
754532
397625
846344
854506
768211
629226
322222
726520
851401
146986
197101
795556
545487
172219
108574
91811
526688
431189
769204
211071
826537
67969
745009
652701
888258
462246
780800
546007
223944
199754
796717
86759
289598
536728
905862
750512
456598
815632
304912
318402
972622
376960
165040
980318
669212
673766
503361
453920
360645
577777
289665
917092
700862
828385
254811
979990
460124
77724
885202
711282
653935
384236
786729
503949
459717
705364
615346
251971
662137
598754
815799
424993
797930
237025
787915
358247
900885
267322
446547
326482
725466
810835
665250
256273
107068
284024
749859
90836
881428
387711
864194
82722
924632
856241
94255
363872
96079
773320
982793
377357
655271
847183
434427
914556
387170
286718
319730
214091
43186
969606
386769
735267
71746
161463
534722
898189
506786
355631
970543
699893
237521
886916
764099
619037
733248
508714
433003
118672
684884
649121
118284
440081
180489
380881
672944
581599
865844
587439
670421
234511
716850
728848
424136
294105
437101
938577
313904
117102
350506
82827
680536
914772
790562
164158
77474
600481
85044
284941
909164
262093
773999
430647
137061
128353
843773
504223
161486
676029
638644
23077
178828
155382
891758
251822
71061
330501
248560
762665
931056
923410
632974
120080
704480
11731
564511
351459
656568
732280
600410
118743
972851
741108
598979
686911
215604
604853
498955
367580
814670
669705
124343
934869
288646
285375
304681
958777
189304
370977
245686
293056
397973
921837
599412
500407
340340
281418
392195
744414
44461
805497
9434
956382
554962
889314
214054
81446
547401
415533
985289
89767
638409
686766
622637
270843
875151
869455
94894
102990
917563
919634
264576
625240
928859
553020
425027
733681
565953
507841
348503
865800
633134
932887
268470
372446
476857
704823
913596
674875
297941
690990
294406
101484
249009
605533
978357
443614
36778
640897
984604
84594
568879
846395
332713
231602
231917
165933
509093
51796
189790
831596
548834
276179
441599
928810
91641
721473
47061
350714
542159
753312
786910
599801
356347
939370
568148
182864
225476
525744
521590
216764
820420
810435
886210
993529
912731
116902
385623
695802
968418
23773
668572
224222
487834
278131
840799
256473
873443
745604
253639
85986
838782
476693
274330
235065
909361
858420
426021
89671
800051
698141
28108
900061
544216
429323
461361
162438
678838
918738
267447
630767
614707
467295
772347
86285
135328
324552
990733
700318
864706
724765
759972
329058
767035
15287
963170
957627
983974
690480
877807
763042
89511
534901
743981
417345
839093
905130
787271
166822
199279
24951
220290
160548
373541
337412
730627
507570
98941
198256
200687
879303
4592
556318
56367
717017
315106
65230
629211
592439
800551
398461
759145
94513
184944
721701
90092
697142
893666
151270
973101
52591
987853
531831
196950
146245
288303
127728
219172
463486
547223
306893
798852
304437
615165
396307
762941
689789
387763
622628
580995
403274
567784
312283
471844
360834
119195
520906
699063
840810
523674
201883
524494
444477
106325
477101
734461
295700
786944
374600
737103
357396
188978
881664
346684
638926
645743
75978
544397
952803
572866
312980
20355
710085
356430
820669
165475
805409
887167
192434
996891
981180
713839
77976
499886
785742
494321
739606
408448
58929
134781
581100
854965
478381
692618
997837
409333
325250
985708
757940
747162
865349
549926
960726
290666
70962
688023
967281
942671
605203
415461
74788
870700
759528
79101
209835
342842
804467
132705
997774
231676
828417
943966
677061
304793
420974
532794
692788
268420
57465
574259
866280
627730
816459
747938
207705
744769
688221
273868
337585
1520
40016
505947
870978
422194
615605
481844
393458
880132
190278
422482
703461
257940
457967
648188
810073
703086
298778
435911
119297
428277
406683
837097
432489
433603
448182
525501
765513
155015
502956
92353
516215
415444
35314
84594
263215
188219
653267
732689
714315
543789
350123
993560
402714
953936
95424
541831
100418
183636
775720
46394
568095
381867
102248
339419
149271
730577
825185
960225
507584
515153
54375
153175
940849
258470
851335
786752
116335
152496
206703
279239
567196
408698
740280
166908
507802
874415
682219
644611
229027
545815
994534
967382
775762
911241
602565
594418
58790
52041
478258
748769
907752
722573
672761
748567
400435
905866
40514
260613
593720
874852
350991
693694
239343
514589
375846
947802
11102
550607
466833
865887
717487
905037
412499
29959
451912
98261
56074
516599
955449
264722
380922
163730
567437
745014
131019
520051
281223
734383
691782
471660
858313
887239
361513
24713
9830
629773
957371
216758
75156
829419
199067
897945
21627
377494
832663
721458
343196
849793
142947
822722
530793
575139
478640
939902
757510
223115
893182
656325
178448
22570
806367
150867
109065
400554
194725
305695
562116
62854
450284
409742
460456
371241
887280
977179
411985
387463
330260
733528
6365
229588
492655
48334
143684
514491
255215
28321
809503
164573
377976
565317
149113
673303
132306
184585
359269
691581
970796
120981
98450
737065
987515
214861
176837
225523
398395
427303
649876
15489
648958
105365
531120
42943
857161
650950
964212
452221
448839
186514
6561
109304
307270
129939
180289
335382
698610
182078
682235
233407
662421
774341
30300
886738
221881
741652
398775
472194
568476
167550
983711
349667
687276
68125
750866
101847
500929
50206
669143
314561
348529
652563
141432
709862
662975
977185
246605
515870
20943
720085
29444
541761
704853
827268
713519
746302
861943
872260
502606
392717
163948
437706
132796
876970
62815
129844
908168
828723
307522
66230
671484
566960
269279
810819
973694
373973
668403
777448
250592
765224
962882
10710
57918
585635
789780
537269
647279
583369
940296
727056
496450
937040
787729
980685
788492
25638
954462
510791
289022
902235
8
611918
694183
571733
964577
576109
874073
417553
517256
62708
72867
708629
21914
59155
960181
362944
190515
951242
79096
635554
516793
317893
453296
374996
28655
566155
686642
197892
909211
702067
552037
439619
4555
876861
295939
331235
865794
811319
860651
9781
830675
203612
524222
524033
628985
223216
903127
393941
103422
654586
264824
441063
32750
788003
433985
310554
218753
440823
564616
704417
497735
716525
737538
616068
48534
593569
112642
863916
474352
236803
130835
707423
421654
869141
974346
526923
898186
230554
320606
84376
874505
508535
557902
78418
62313
2989
336187
353578
46811
818490
782389
243415
493341
279954
772543
342535
811947
690020
126899
667454
166132
82251
508693
643303
608282
572128
832991
839298
753135
574250
755929
225899
640315
833093
931688
663988
520757
915725
454713
531231
320145
282119
325542
281511
4615
693856
4754
167494
826438
787240
182985
935809
906848
786412
399765
549181
330806
774650
900346
662711
855776
293848
692421
716064
422292
658483
329047
997384
796180
77776
676155
835886
31345
687364
224055
765687
573583
914324
989236
830268
722215
815214
303419
16159
343258
606860
494283
848461
554147
865673
938213
92338
79398
109589
923368
607783
961001
749863
748104
19383
517810
198109
704187
660535
596747
902598
226867
696744
570144
343439
159753
171193
86329
736921
623026
895631
551714
975208
825616
244039
921235
312180
32790
489811
869542
233906
880730
399899
366379
815522
917811
289469
407106
523669
493963
645279
41891
843708
486762
913825
550618
133251
829042
383335
869675
712305
543422
302629
381227
430122
347287
628330
300178
501041
197741
89725
942111
420211
25688
45764
364518
782774
690179
369943
355434
477921
603453
132730
347871
674953
794342
506148
440718
457220
81682
425476
243008
714433
457823
209917
541033
681168
686484
660475
177224
841196
924922
875124
789342
589464
212642
263469
255991
990783
566443
150729
376599
928462
74658
778601
920281
782124
672039
365271
922589
169891
815555
5630
471658
959539
159580
542128
366184
421893
969389
958239
617685
480160
785715
363262
47004
495253
899384
368679
713607
246000
449018
871078
806863
776130
324595
766429
428735
807962
81638
827415
850283
473774
895199
974121
940397
245426
53996
96649
461504
263788
831206
693800
729018
257101
527028
242084
716546
779447
452224
758017
481403
498356
832347
77629
556042
574915
926843
948123
9378
763086
127683
243503
311480
550900
884762
724877
67979
705011
215305
165563
932358
547195
689997
767774
172425
153343
806809
108056
506270
143952
274889
835132
727761
957068
783107
628142
469848
212544
20359
423838
805837
987449
524826
842045
766341
961418
414113
451253
847979
741182
780133
801704
441648
72062
741193
163830
301518
511612
514349
622364
589759
993628
729800
699511
401503
812839
833369
578057
96640
946046
306289
920484
133888
987022
915167
401119
279410
47119
19433
223473
243286
728399
131842
405307
653763
872846
424629
882192
870668
167681
468978
277729
342483
848287
634205
997466
490627
594556
715760
450657
165205
269711
383394
158482
234812
721129
779889
463864
332231
979934
883821
636082
569574
455000
330752
387796
239808
441633
231261
305830
119098
120003
212456
268165
459584
694083
47260
290879
742320
798616
200812
335895
772685
114579
536269
33360
275729
523581
710559
991999
367262
917219
190887
708035
299624
348696
173738
433569
599331
568484
793567
723020
956333
602725
882527
41910
214752
773678
184908
501477
132462
216918
84179
645166
9827
703676
813863
600083
894570
502048
816675
974371
148883
522587
117787
742046
232169
243700
234422
703034
270892
189481
328175
688522
872647
563957
323615
190222
519071
893004
221517
869092
299002
910800
43293
455322
797461
203608
761394
641733
466059
475092
64958
169814
390367
614923
44764
198587
429152
46195
326624
651182
264191
840634
843365
44936
641907
947683
493919
118396
215405
121828
401855
131322
162612
354603
791481
713284
356519
774988
751144
668516
987666
757947
380375
62544
789850
927551
965089
922368
770440
873841
681929
183647
858539
227205
991033
900965
816383
147944
94029
448890
584268
322273
333550
264560
869627
570894
104515
516556
424651
676397
292315
922955
131368
166086
730740
294156
483754
642341
342426
297715
6463
160826
258223
152374
18550
677475
503199
772331
816440
127388
959167
113604
788155
472440
153019
360097
142601
130140
600920
232894
474184
383085
732388
981459
797550
99192
860417
772609
286496
142534
613648
22820
809242
538289
279347
502281
929475
261331
138511
660765
477852
451267
499191
816593
819114
698831
262487
553411
334101
447532
414393
348816
448738
44745
540121
51648
716637
754995
146381
182692
767295
834334
583866
252499
649330
165436
825315
322951
765776
197303
76912
818661
723353
194785
345185
793864
658010
630083
876052
280220
228816
748041
298355
933329
334614
802285
553665
660288
187433
653622
560594
342650
914466
477252
279297
146107
616092
816689
542180
914408
30418
597646
975851
876561
499200
986997
236818
825678
174457
35384
658308
474821
266581
255273
216951
328292
480919
953377
909742
121255
414365
319817
698586
869302
644879
408281
691245
178302
143972
140002
536568
959565
113825
223765
771375
148093
812632
682889
422871
703754
314287
298557
595716
577140
68346
997182
773897
343520
861221
366366
558333
641487
557992
606794
837315
272996
695621
337614
526260
3584
594487
129011
810390
704805
978497
416649
536040
621359
531658
111531
474266
65572
547226
493371
409252
277177
549615
779229
568819
855907
328419
176770
817766
797144
766973
935961
539737
183378
924618
962310
585267
73594
755359
510013
2946
788580
711988
323780
68653
505805
435307
615358
805358
149661
590890
696194
285346
510073
526294
310788
933864
143207
940097
620987
818428
558122
318888
242526
642939
977818
332869
288341
995196
756891
831950
397440
4125
24835
668974
661886
19416
104914
159272
494847
169882
577180
536580
705305
663604
5212
649603
144750
879468
553438
335846
177225
19236
644012
19658
109622
32038
813874
363967
115166
47731
777040
386944
37535
922936
56887
799905
445333
119068
561920
122969
518399
52315
16620
224391
574435
947156
922807
504062
409917
531158
634922
920515
574208
657889
397249
655556
707668
44595
702317
729497
774186
595533
233784
991852
667060
378678
771244
596054
189209
976553
819140
966680
38136
660872
477209
574496
361749
619672
254131
395031
837176
523160
122949
611665
870520
634820
860755
141307
52876
996059
958862
265865
500207
331969
524259
500067
770404
859109
46371
915997
82154
397211
25991
378237
142417
153864
410638
793984
591278
950744
556820
229511
420723
278515
407670
990578
372380
637838
111732
882648
225425
781737
831415
922624
357693
158470
336157
216066
105584
795692
600907
376463
221685
268597
52582
538304
205737
976071
291115
768149
712905
570525
36058
332580
128292
462345
123096
648520
47258
378450
247457
554453
752869
629373
381187
726260
103198
308373
799431
262659
206620
445512
206177
931303
843223
188678
62786
269891
996982
362027
826630
102033
40809
119191
778933
214093
821946
193259
629377
200633
662242
284421
916692
165953
894526
211258
37363
582490
807781
311606
251082
455329
517485
745260
292488
93089
735008
10945
635326
217804
60074
238406
141736
331007
74794
262128
98495
369823
518235
320291
288520
639245
740933
848235
383854
684632
817842
513932
641489
228572
144343
59119
428573
812164
287165
583231
568487
538321
538982
416184
778856
227721
517844
245174
556810
786028
456142
211598
521931
447076
216473
237755
890316
922862
834023
968524
180992
446293
457232
528441
823120
63756
140126
275480
563568
340864
769051
303522
530601
45361
988478
346675
938725
677104
604181
712249
208683
645147
583219
751931
461367
797264
662046
16780
94328
412510
562356
305635
798418
999210
906898
726088
288804
179350
815317
168100
233293
932891
486480
519710
315218
729739
987791
118371
86472
912369
285605
192512
86895
590219
937319
789210
668311
845004
995802
985481
918801
105707
422429
763350
24378
992212
883062
671098
867099
988799
810657
40023
305105
776210
893936
528120
767269
196936
654038
336976
93546
518898
528372
299077
121531
401080
276265
106212
840028
785231
537493
114689
392193
648211
912429
831216
176269
999491
62517
704739
265374
92211
823314
573560
883295
536403
974267
243283
430424
691569
630980
868529
19834
889163
495942
540906
619438
786522
884557
290349
90191
781888
385046
307762
472251
686122
308702
83205
717059
794627
845400
873021
14847
454091
473264
905585
499581
587781
736249
240486
17948
845320
410106
959027
173426
167160
888353
925518
748208
963383
273904
126012
317572
972402
346494
544655
397613
700171
856805
50419
703868
964757
343621
225991
964664
895526
496142
399032
635499
100483
798192
76298
743264
43968
710023
79999
481015
73648
338450
112141
764021
731003
197595
58705
861183
993087
518088
486479
426847
352914
105409
13508
753550
631033
58971
160800
529608
137820
8901
568881
605728
597616
602894
43474
329182
792576
532938
962568
521719
340132
297076
999378
224293
985146
320754
11365
182781
831396
715119
350348
923027
656988
691782
161024
886401
216834
983362
204237
456704
662902
307910
974719
712850
704422
70679
110491
563328
314412
501675
636852
717890
998059
773924
473957
539074
443103
468062
850385
477676
221833
521837
40112
871971
583902
101117
195038
905651
571948
195149
267405
412619
653995
500347
952280
604976
92913
964585
834391
637357
114017
460643
112931
470276
623417
109531
677377
857201
802592
939639
116565
840710
233680
49602
815694
663360
206837
958698
56989
51840
292944
536544
690742
69254
362621
773209
15248
389917
415355
880550
462779
537772
440113
137136
516917
119373
129869
18548
699262
240451
428048
582925
263349
916147
289890
953772
634004
546336
804432
82538
36301
418170
486942
148462
600236
337325
382374
819187
86876
166073
686776
756065
426049
493071
221623
482410
945326
334352
888720
29275
750776
532710
111214
62797
545608
319115
98127
664131
831519
875778
367685
253589
998467
692708
401515
549815
46532
181482
480831
850446
512658
882474
886057
852721
245003
429163
943750
821234
750001
367911
77445
722178
629078
93917
804357
705987
82848
880990
497449
476819
318226
469801
79363
419713
835507
795810
190348
228458
900676
648861
548628
110467
618353
547198
787749
792413
485951
18802
559778
434771
307909
397396
256082
825625
85307
802401
675565
820146
359678
51051
374862
531176
125153
865084
725249
431457
585230
218677
297576
710121
775477
571292
778176
75813
688887
851387
969636
544205
197613
263792
168445
516358
341531
761751
723910
582488
511336
389590
766436
193416
612649
922102
79254
274839
859686
523664
705841
716695
110416
347834
80375
239688
37987
898147
87562
475112
215850
220137
386053
405339
110389
170349
120859
427928
893257
377468
931857
428438
525891
163752
924046
438397
910928
66117
398097
548537
362476
171358
495847
40995
720374
777441
448858
558764
409648
859655
768227
452504
662719
224524
707286
513091
51915
172819
941421
383067
189882
725044
341433
508221
715615
300169
59076
577562
473092
290206
357940
622052
613728
762086
499231
546438
209656
191492
129863
342352
590518
513867
865060
602241
553908
564060
296822
285367
412854
281491
985929
212866
367247
949767
983246
710716
6794
681021
436998
64582
247368
119734
860589
124088
134741
201330
172334
853535
671047
754424
920925
792855
146763
969814
61229
846437
436973
633546
548244
624681
243994
717856
185766
94231
289974
417115
869894
489440
176946
164170
825831
309683
415543
222396
976955
271665
475389
4138
242025
918152
184680
450585
428383
570525
337815
834460
942894
268966
352170
754793
835697
333397
367181
460934
980700
879164
607701
734256
817017
838196
71414
29683
387806
370226
866729
69824
792777
18040
166232
750024
9769
970450
534731
455001
531012
622526
370971
764123
312616
430853
964201
87947
359453
98226
40093
369907
154028
971393
266120
648375
38512
219743
16565
210278
685404
241913
166501
932038
776951
196609
98606
574085
187679
394402
378479
141628
735307
248550
439990
570362
695806
407425
820239
81908
662888
886745
964275
976981
912564
195074
490751
823423
409165
608999
763657
930196
768638
636033
567943
581313
754182
119648
70315
829228
862011
460174
360872
276646
330683
935100
813241
404981
734323
382391
280912
512203
557344
218724
158061
732426
265784
620103
352488
640907
8500
997385
748710
294156
142003
72417
737822
122337
77393
36837
330821
909974
706887
774812
472925
322256
173824
949471
95610
819761
920692
580779
927766
593237
62210
627869
590573
239455
865622
84603
585281
240214
738749
474694
966951
669223
863231
519653
275698
577954
376183
381915
912464
102055
645123
82312
908671
168781
641488
766921
827520
504643
378638
378271
50358
189841
126440
612108
252714
691544
194579
875662
80571
639768
158338
479825
287863
330031
8780
487356
338204
681240
120173
760879
418890
607757
380229
968416
555580
121595
645087
675900
133990
748286
357118
517672
525034
119366
749972
545542
133398
955348
304156
382444
319691
527774
368750
561320
311852
412553
158990
498418
163036
739022
612669
361723
25290
826861
629212
732543
324469
743190
344302
407843
309126
24666
324693
163357
60379
798332
866256
91242
816661
733420
862711
80155
420237
168543
383915
23031
933940
818442
614797
367921
151227
865538
288224
405049
455424
669709
584011
503800
444379
590271
258658
795544
39538
526331
335739
547707
210287
390318
309105
678004
191723
373824
476556
443760
28062
406699
474827
228986
544852
667140
480432
911112
44007
129966
71870
830929
972639
944226
518732
397432
478442
996461
768763
281679
670047
792970
314564
417624
83340
876376
423986
150201
793290
215809
89321
889422
76092
191523
975157
265504
234632
591514
966174
627051
391654
187736
735305
264720
410797
563840
677815
687089
638242
358371
294167
474631
317063
819312
57260
843330
595503
828564
47486
100050
681732
114039
800861
317753
168533
920052
940316
131085
587437
489563
307472
924867
888007
9989
918269
830498
380347
782629
242126
778672
913258
831922
383282
822119
296309
968259
409716
636972
46712
968746
215948
21850
904456
709512
397240
614795
179768
613329
991749
361843
384796
91799
129854
604799
332940
289562
32052
15178
562436
244581
66741
673686
567688
644831
573325
17755
234973
407847
130419
942650
25132
100264
512108
580046
312852
443518
864491
328947
654652
563074
929197
239195
946777
111412
227866
276433
326731
955004
533446
332181
175553
573626
956869
741192
445182
30764
876081
522108
148281
646383
802682
10203
192466
12191
124909
544958
267427
189390
288643
678575
207917
824822
848513
501849
324217
394346
963253
259770
256282
6842
199447
773740
164848
692073
509320
384882
949862
73080
744453
10956
291937
955922
668041
483647
985794
65126
466713
429506
567739
67094
737335
560769
393392
370694
13495
788623
421420
884
227607
927223
126692
526074
809171
34863
845734
228201
627853
477920
78287
96664
275661
99113
736807
413869
496821
371848
51859
9983
111226
935407
281247
715845
158937
833349
776412
330323
531846
230089
895899
12122
671858
290786
935336
163675
307012
761324
60916
707884
429376
522769
174390
238367
735381
902516
521816
530465
644642
649710
315116
82975
956016
217566
827187
369519
85340
693559
89782
478623
729781
955219
437779
630305
174530
556881
296988
748231
208956
115192
200763
988224
881332
985065
541619
382837
177035
118134
350648
899570
487006
42536
561093
536951
495907
912230
321038
510700
765445
141557
701843
87046
113666
983924
266210
322640
790381
450748
606482
276798
330107
776427
827963
335628
283123
633523
541848
277538
178974
356342
764679
280384
122565
156068
410246
298210
562172
131002
851794
158889
342666
933036
665053
716210
583902
312736
67374
142594
381447
255335
528464
111459
949763
191784
238321
338873
104759
86667
687882
752323
777311
233207
841838
729679
890018
352480
484276
332563
347869
486382
702175
651466
169044
310437
976719
641121
495810
663769
522210
764863
79577
654367
139451
666440
587948
415349
552796
661651
768471
250562
798830
563603
306933
769040
269157
488608
717445
472153
237289
788848
653732
832644
359380
624319
374006
659919
122407
332042
242032
544373
251013
505637
305914
105949
995627
448855
826969
10043
25786
938827
831198
214031
338523
49792
379151
655832
778537
222662
487822
301078
648348
382687
92925
234513
884264
54715
265171
593466
145181
68918
545107
599993
440572
572483
805630
666003
480194
819049
470759
336809
27359
709668
430170
242093
839818
23741
199168
589000
438308
278354
415424
715200
109551
512362
878448
320989
549195
35050
609833
221313
921562
701888
139649
307221
952001
69323
680667
193750
628322
547883
166749
741544
470769
920466
29679
182185
127687
624976
577506
5738
242532
696620
992354
840115
34855
64696
274183
285846
857793
588545
846332
280946
117645
210200
871530
985839
730520
753406
248877
28499
655388
540925
716007
69037
660628
489771
807953
154789
973993
793984
229064
863287
860831
552419
207422
947672
246356
817731
381261
94704
396001
705109
288220
832065
608986
209018
360271
570568
488736
341273
835353
786031
870519
635567
52346
74407
587668
648748
563604
928767
183987
538048
336473
551492
362996
517413
7417
468171
902876
410932
667600
711401
772867
35530
302295
827803
913410
395015
409410
495722
340818
70124
90992
410327
925172
805513
604534
355687
481821
443581
650226
135665
960121
135735
533273
122822
353341
2176
126624
915053
945333
236396
639788
655645
670276
415821
949802
859178
650005
774244
225461
536770
259284
697664
29705
768200
15631
666332
36477
816209
988035
691530
316771
927355
291326
902298
98476
18210
66410
575130
589111
486547
596505
160879
948160
972579
466323
562045
102369
172886
883074
76931
51394
804216
236126
986580
558939
867291
965208
527448
997257
134789
387021
254264
197503
885369
224002
672292
619165
684113
292191
825971
440561
428163
690562
239951
223452
443802
539313
581878
841752
386545
669811
669244
271569
660834
764090
443698
560570
810169
239004
575938
730655
561200
348240
455423
31321
337057
789189
259200
46090
956238
4810
611195
340028
530746
210157
921762
927784
367438
600682
55105
524672
722670
982289
990258
905000
204359
593009
787804
537402
132901
563478
483056
191956
466078
713711
952867
566806
882618
45608
264326
191656
9290
206597
15991
21723
719883
800490
177934
531953
32228
654055
137992
188680
158346
382031
119646
614428
757188
124712
826163
973134
641312
904897
617323
822983
449840
849687
14116
789785
482477
437363
461493
235664
165619
999415
383230
404464
280426
144863
756991
622131
119456
161133
186204
533411
415457
212704
275726
793994
462366
930633
686768
545261
624614
534280
631923
626913
234483
399418
471322
419444
790873
939264
608601
922483
398750
68090
875510
676834
811620
218670
466739
479086
364637
388793
730311
206266
628746
536205
299201
105032
379175
691887
160588
417288
569974
12893
388148
60054
210656
238899
789222
834090
101114
942038
829111
532025
68344
733362
58610
129001
117344
267955
357248
165048
279963
450772
680357
517137
693159
281350
661708
538196
625919
260208
82187
531355
332925
234941
795027
160236
466029
966387
386065
42245
67059
899886
362126
4405
470179
369866
908510
845803
221719
460314
247848
475540
847421
548091
250356
587257
386924
289525
742096
516071
15366
986825
857135
746244
870690
919194
392655
31492
429138
654711
101338
841520
299080
391909
199986
971272
201202
149784
243226
333183
282765
767477
87360
65101
897851
291517
34653
849273
272731
340238
671557
352327
49842
542838
755947
728292
92674
965654
205130
583613
43310
509342
392842
30298
85513
946496
289065
766780
90277
574863
828590
866320
194637
315838
800419
511357
847378
241284
456991
775345
289880
964269
172667
178822
320466
779199
95125
575463
43388
726972
351126
503357
990969
755871
377623
427782
800458
342631
310112
431234
535420
821503
16866
524179
253563
184806
863820
509938
577278
550218
750354
825004
949839
503124
910542
677521
239630
685078
4426
157243
754445
669301
768292
418108
457414
430857
513652
540250
357230
887687
359163
437760
589000
486752
429099
688329
764587
864839
461941
296196
110730
121890
525626
986077
65084
319461
134539
209771
325315
679897
814665
265925
828940
470266
780066
446371
245650
631564
452425
233834
215348
139406
542442
485542
902739
910558
966284
723569
521974
997259
75160
711011
523729
781296
580592
829180
152361
263264
571634
231304
94147
941942
752102
79118
348888
620987
231708
162170
323235
798865
852573
639924
715673
959898
725905
144023
615588
539042
902774
699045
896497
343868
945833
137784
248429
656446
313658
454053
643913
459336
86574
804052
464692
148844
336825
817801
874213
985980
345523
758114
374870
283647
431381
848869
424188
362019
634520
206754
853738
429
822954
368413
229648
541260
855715
640070
58007
882807
561742
968316
333896
193317
138258
655113
737932
620829
807513
909172
14072
234357
378981
529626
818932
485390
639094
827015
207248
773422
409038
814748
280855
875796
384985
252326
622155
894253
741280
602073
56321
45721
68334
765495
43074
805221
259733
923444
347365
342497
801198
658468
819831
144423
214377
761905
284955
195173
543331
827265
637115
925272
214153
292199
654890
350865
777775
601200
313890
843375
407055
770671
54591
196149
959712
934006
335831
79240
101638
42129
290664
221022
413293
292635
646225
74632
64698
567174
331759
247849
463056
414960
504212
688705
497189
324823
278428
756003
871640
771036
606185
28404
629519
269063
748335
531906
758131
505068
386254
586259
376301
660324
199720
795139
897822
908004
508164
697822
254084
16959
112158
265710
893489
408661
349657
413802
102648
752705
624888
808661
474550
231888
230338
599139
154912
728444
279675
666278
301895
391974
396599
166138
572441
197955
71207
562417
712942
675300
858017
707844
293485
357763
139947
694084
699636
45088
47279
55113
20554
370592
941096
588714
847382
349816
246835
349578
851660
493830
264837
227181
577078
289624
266262
342173
464388
96854
890172
516295
665301
39706
928516
381076
601896
902114
892536
68923
702974
349181
882834
351319
678156
316169
290684
124634
478533
789635
467354
341625
937085
281537
154916
174581
668637
463014
37910
957490
442269
162421
153734
349549
616802
680066
732261
785204
27684
374993
818706
242489
393305
28630
882295
386720
906608
761439
216566
611815
144017
131354
255989
337729
292107
689965
482806
98062
552001
790040
109078
524559
427005
395582
528586
85700
626427
286621
211194
949089
893536
848761
994164
888588
256938
449615
248684
593207
379150
491891
113519
508029
331530
180152
304684
805388
325820
190076
481973
383994
715523
521064
230924
411801
264552
299303
219806
33751
218936
866617
405286
461611
632113
363776
328356
930754
558490
371955
385031
338331
929154
535270
247704
874391
874012
171262
353233
989205
252388
119091
305728
458892
923848
1614
617661
981659
956158
634871
889131
992524
844814
556944
278396
366115
937422
536437
55803
257421
377033
261254
543221
406034
316178
401025
193364
240199
431208
417537
824350
92295
577290
11104
466545
587969
440685
528016
158757
61749
647779
817073
391775
69201
547163
23392
325534
738498
780938
191976
528939
406865
312592
122501
787601
603285
97341
924326
45191
198684
68889
629023
984876
827975
973288
135802
577423
47337
783345
593214
187758
523856
186149
523579
303443
52137
372408
410205
230136
193088
445259
787269
371821
880735
85399
222297
195943
499978
990430
840252
439051
121325
774789
155464
794512
980962
271014
723961
859685
842502
91022
670529
491370
179742
78802
996789
332477
636467
246809
887538
702743
283971
695510
65315
849273
296791
420246
151190
378488
545972
289955
878634
969430
28235
546725
646932
101921
11594
407404
818469
669333
121547
764249
501728
579005
150550
946115
736969
487767
312029
694041
416389
979102
361638
263175
76126
297623
740675
204519
659077
862573
62844
661659
46871
917649
162485
964363
915750
67618
267627
536443
442293
637143
713692
521370
238448
935107
772987
649578
80162
315135
688904
650736
771474
218085
92483
579504
168938
576198
537865
351562
708620
620656
359777
956133
946055
726645
498424
959595
420194
231132
696134
555608
392
505225
367776
157079
910568
980447
12026
827953
245847
617071
581354
343423
930527
512198
124134
904789
898443
690069
439165
592222
552967
571921
729074
671492
845972
569964
115255
148167
628167
654428
251347
848745
142009
917964
973351
798161
480541
109948
346369
566048
739834
688108
373577
86089
2183
772647
319031
527552
933369
759624
388633
439805
598116
628237
648155
504568
208148
539828
341462
394576
821203
689588
85834
148575
576880
529658
560333
793013
357082
475850
628787
187876
526583
878943
550900
178086
889621
660100
902868
38312
725293
428134
274497
776339
773902
432210
387971
842586
975903
689128
83238
908154
485022
332979
438762
228626
85025
386091
9136
379076
481873
585087
485070
575335
600359
956726
116536
583862
104082
623614
848599
944483
90945
995476
22852
761710
92298
697212
526306
829447
186285
804449
689180
151989
560923
504458
723448
329593
854761
327039
795209
110168
402946
967925
305253
704187
618412
333390
266457
404359
950654
39116
925657
744484
477220
485299
924841
107272
3549
283468
713461
858639
49885
363875
743418
811976
55112
682296
555047
383636
300498
453195
567113
8019
733927
834669
918312
510436
380446
84003
128562
355648
255127
106731
865486
840995
538068
409635
141348
192703
56103
913007
250128
679143
880672
526609
802078
363580
706500
707880
472627
594726
132204
347280
163286
298322
339747
543168
775552
840754
292818
676056
355066
36337
928579
151651
365916
383884
165869
487301
923403
645877
698661
394237
741369
777748
848864
849814
345763
540402
834124
968853
122981
285408
861084
267406
600315
676890
632172
692769
345990
311740
316197
160389
666831
452284
510950
901565
505565
295473
916820
309211
262818
733559
379502
106210
297903
365161
43559
110607
636462
173537
341415
677110
640081
16917
112263
587501
783448
945898
89067
865843
783459
10457
674825
158821
480239
115834
889711
958209
946568
109209
418856
960177
480648
262934
47127
322696
520609
185678
424010
393437
966798
537094
272495
577748
889274
496691
759531
988302
985162
532891
123848
12401
87042
719872
354544
146057
411286
491223
540793
728734
338024
799559
42903
414420
247060
228144
566661
143940
323262
22690
199929
994215
937852
206475
491182
114096
38523
561528
932160
829268
95977
279642
2018
407321
252596
224716
560751
224469
448277
585773
760453
993911
634666
262904
917531
894356
438485
824501
51290
707355
290172
293227
732408
376602
47802
179964
74561
811731
156712
101984
598779
665160
823585
191270
33245
941116
503604
451785
692138
122581
899205
55184
805672
127757
986487
909164
407842
584815
409158
276126
956064
669052
907401
957547
444504
123765
332417
629388
18234
436672
275357
809197
467051
978636
186687
824744
33202
148286
927356
293094
576743
410171
410511
616461
170387
908837
811345
797881
655483
483141
716221
115988
155211
305686
461336
85130
320143
800043
887632
378471
406116
168309
748325
774064
132842
833036
869978
777845
272476
123149
69216
496266
80373
847656
799685
711575
620621
166639
697769
697710
983979
833340
670079
723236
546553
81740
687470
94595
241158
853501
709717
222111
914963
367788
875916
92562
185308
934551
909553
415714
607222
921961
236316
318248
135126
94882
944895
17754
462024
259898
538706
291176
965976
421069
971673
793483
522757
511575
510182
314739
804090
728860
604647
366354
871483
230223
623173
36811
86887
204629
624269
366222
443183
969432
544622
116773
223685
319659
36529
402334
100901
203150
513570
954793
985953
89741
654446
526913
948725
396284
390452
115299
14894
426582
625450
81094
234902
350334
535767
756916
871101
803908
291542
802398
427296
81815
852220
905914
26067
935509
454996
317381
916491
956463
865579
177718
53840
105383
972224
586002
160911
261784
830368
87206
149876
360618
337611
227471
209961
690663
491251
837516
178096
731578
250576
316356
568345
172019
767934
230618
553298
756010
374541
443604
185333
900809
117185
129531
832670
566031
732528
984867
596720
520940
73085
605381
394974
970385
559656
534610
884161
211331
836259
220022
414602
328362
244332
351850
817281
536842
184229
596024
304226
380533
976243
233903
756123
457896
7190
514710
79832
906356
191080
324612
240636
949201
142341
866524
952976
216745
482377
263600
118294
403456
624689
735449
209005
937437
52685
374790
708614
976169
622801
986280
714086
622915
117247
969875
630980
591947
502781
759449
330664
877117
170481
286232
261070
568898
20410
65405
553538
963114
420387
585956
943890
118199
197071
934308
689338
943891
516325
827233
290800
865161
454687
406368
80378
283643
827526
944415
290448
798327
734644
428134
553629
254560
174104
240383
320898
843506
711925
517468
162134
903730
740100
67606
378596
646049
864089
605793
859397
698168
20426
916068
989231
387934
311665
927005
913204
275170
819133
667461
207033
906686
397706
907007
797031
410945
897856
815604
243549
287272
228995
196678
845519
401357
81287
754745
931981
523261
47330
171599
541611
592395
987385
467482
249768
233345
850481
685461
275031
975999
968634
249509
91593
4606
318954
226441
361382
762706
824269
180151
829354
552206
353864
191916
555809
590076
787629
79989
199807
490624
690789
45423
436837
947350
468728
552167
648081
838939
626927
77265
138693
687653
118618
700253
511842
492522
244695
540396
989547
561116
928796
503659
199745
318106
713788
718852
172594
428897
811310
69937
137140
570602
841094
662409
631441
635262
509186
455192
899045
122285
394881
887700
406413
45631
307420
935989
629448
33138
308421
557949
34705
728801
296208
350376
355571
990348
65486
357897
274746
736269
717063
830349
993500
815885
815539
85342
614802
183798
269780
518901
720073
287623
548336
447840
614605
595819
749385
377562
850218
323208
993825
790417
156717
929129
296620
361476
58234
340994
662152
816179
487721
934891
321248
765870
390303
495954
753909
200214
77326
573379
283895
741752
783635
501764
997057
47626
81300
191864
185001
214912
358424
673134
828247
140734
929069
267454
469720
541430
417051
394904
373906
697737
569779
443482
778517
321550
384608
929626
554278
703052
589964
948215
535641
92947
495921
646360
959879
534003
166525
228263
928858
850213
325869
131058
902950
660665
184625
247184
920347
206871
885436
560208
765528
927978
612703
633566
817175
872129
718455
221048
778652
408565
956127
59063
320651
587491
955717
697228
12068
607769
63308
692751
926643
555203
744908
472789
739417
584353
280032
969879
946253
630924
77007
125736
420550
97306
768075
503647
750175
813482
491374
305349
669934
780519
118336
290962
571508
221065
288015
174606
499284
225454
217650
878125
520794
862226
314036
638265
905291
670224
650443
232806
78198
94164
834079
824774
866004
376702
282264
128935
149681
709063
609999
171043
177372
797064
82519
418580
67363
562531
490207
65056
281027
761075
314365
99695
106969
797082
451035
327875
616333
735047
980493
477520
880413
431055
583910
557467
877701
672055
948845
541875
249953
890597
879192
675501
417075
772570
172711
711238
787295
173046
263425
946977
626638
489405
866716
491697
10679
668539
327555
973322
838080
588146
768420
819761
470079
494633
847812
93096
75493
993395
421431
98945
451732
539085
892157
411263
671851
700585
650973
783745
88941
324602
93912
983934
380183
772148
822766
28803
839267
572514
786945
780163
909518
632719
327219
227571
108427
600604
553725
767670
700753
504886
237498
41183
844643
489238
436490
526151
90142
986502
507186
132230
14308
286920
789251
120207
713589
639417
424933
307569
539983
805695
528233
730416
373203
903701
955671
950541
781859
894460
10121
23221
507244
395062
668400
380011
282770
605849
222592
543119
15045
851846
894448
913203
883410
673211
970086
615060
38369
906819
151997
893090
876478
161176
397957
466635
781765
994208
617739
227673
166473
639434
680919
155613
169746
568237
342646
317020
673270
251767
643091
15645
88718
228166
421520
232823
426832
485525
67582
762888
819253
667813
769857
245737
57690
108438
21761
555236
496361
37470
783508
278504
543087
380067
519508
429198
258981
96927
764179
387751
364995
77638
286598
725155
912980
115014
713760
961251
36918
577524
779389
681712
47239
281418
622480
78811
186200
891745
239730
952301
159089
107337
542389
953135
424544
448646
192651
21970
885644
785318
571331
539108
996993
543852
398119
469510
473062
644336
527322
721433
357432
504425
825385
817590
849422
107475
217277
77109
626436
111295
436593
36620
767273
678392
410100
947950
206363
724545
690505
279167
337815
273407
729619
93887
938812
585829
648964
248190
613154
691416
872834
588137
517451
270793
402649
219353
571272
605639
834423
932734
320670
425846
164777
853250
543025
765518
290791
879297
820911
832094
842287
219734
584809
685604
629003
163650
555277
965652
380095
797925
859068
348426
596080
163747
918276
342673
232466
319462
969
288713
679212
352310
267252
685490
324630
623480
122470
225825
774634
926416
736464
951392
843436
260242
807084
357168
35501
60969
347150
505484
314458
382183
656611
80526
844558
288235
939982
170722
766070
133264
896599
874676
4244
391553
564393
560987
870176
783450
468970
235343
247629
88132
762864
50732
979961
519414
367336
664081
882825
615040
517109
832749
11303
926169
181829
850913
655417
831916
661485
690627
24408
203228
888581
803272
677189
482576
481429
224936
939925
791488
658249
994915
797143
468722
407196
566371
666250
866244
682720
166789
950823
324909
152990
178293
143171
682560
820588
682229
710128
758776
51223
407114
658175
78788
442088
691650
632396
498782
712212
397764
731347
642400
898855
731073
346633
803476
114293
796653
447691
584602
650069
974386
356442
70483
751841
541797
702365
205436
5685
88761
964318
719890
833435
490949
167828
277493
262363
77467
401368
728456
184894
31999
594342
189831
481454
318137
296512
589895
684127
758931
794965
184282
123590
238610
387969
421487
822082
416447
801601
522696
205641
25932
323629
480722
286250
251862
24648
572819
99094
231550
428720
66379
4716
655985
444505
10579
688490
528169
676563
945073
130043
103128
419629
594844
746328
543447
109072
986557
54675
245430
361036
907477
350249
245590
186718
791816
803048
375046
539544
162837
571217
929499
710836
530960
240180
949497
284271
917088
865761
609740
465127
249404
524418
214893
404874
562871
210270
840474
979287
726588
743062
815517
668393
549360
532389
99318
195067
998217
578845
573697
158071
493985
352966
71995
869591
880686
328443
160122
540117
576416
438758
88401
421943
274008
611926
948431
806984
943989
792701
628984
982088
228886
607666
545824
196416
495122
695303
245835
127755
617151
388205
831532
198976
814992
29861
369406
210062
224030
232974
333910
523326
969830
878808
5611
134287
116604
814060
13740
110738
265052
465053
139682
356067
846049
668781
334553
797799
235092
891223
961245
507225
805793
763711
549568
20238
724886
345908
997509
922587
322226
183843
354115
682929
264589
305695
961768
139862
285817
775250
415262
59421
429608
65416
238430
492538
785416
379617
933095
972260
809405
27696
375508
743298
87746
765377
686672
479983
80205
977944
172676
21335
132723
642314
91268
497647
277308
480166
424066
127156
538566
345682
385961
824911
193544
978970
949096
756963
63515
943898
363093
833301
132948
107894
102639
555129
584818
342769
536002
434748
755812
427220
885290
974630
48418
578564
907148
921647
342931
811183
214931
450391
780978
976235
218087
127814
414567
525843
492156
293008
890864
419193
138423
82009
6058
531618
6763
817057
34148
672778
119255
726908
677270
740554
267650
217694
317143
981711
913647
263581
151597
442220
904744
987411
609725
40776
975923
9670
172191
854264
95526
306325
141675
540618
461303
469309
594837
379132
454768
447094
230123
782686
631644
685394
207465
988673
717405
597331
573162
618774
912394
672805
690414
174841
178089
879193
586630
29691
945767
18220
490286
726572
390264
307513
646841
366061
690037
131945
84961
332041
563230
414961
204875
233144
441463
483365
808217
734089
457390
106066
738310
236649
247451
214933
189893
821404
740559
943469
231840
382366
17616
525147
963438
28826
221976
593696
668605
804366
565256
79847
820780
224949
459356
818718
254392
838693
799014
42830
398479
751866
562883
591870
832213
888138
223281
691280
84069
845639
113041
134169
432045
402309
117261
752555
935480
431478
454946
13684
387094
672701
389231
238646
413756
881329
856911
111672
743857
749740
557925
500799
279959
405893
902913
298254
78691
281999
885165
222022
16269
522502
353183
406233
375365
228024
900657
777451
323916
376436
576396
89137
731743
166453
587728
918921
607492
964689
46818
673367
723795
263787
103048
4803
807393
8243
834167
885896
160087
122310
628419
613795
846722
214473
266059
124714
194985
700030
967043
318622
957052
942886
860578
587091
254693
916000
929518
314466
711396
267785
540910
457585
33168
628113
47665
274423
444356
965193
861854
557313
49178
541419
959122
266289
787597
422212
195440
771075
130599
430400
608344
207834
439759
267800
837858
701505
458664
429721
235055
389497
135276
432050
710877
359687
409966
837984
3243
409751
167969
62112
393379
884673
322544
612408
44904
586870
691526
516033
501065
334113
766685
56150
88957
816747
388081
9884
524390
490697
830942
112297
532169
26154
578084
121573
153346
615151
184620
832390
295274
634100
926663
359395
904116
978686
64118
284339
621095
61048
33588
96435
281989
124644
33363
955999
236569
742203
557294
607148
758050
523247
966848
303197
708224
715
408868
264573
880999
225671
494140
54698
561919
596235
186831
93493
978021
729834
832142
806859
502948
149947
407296
529134
717831
783915
861989
995449
846547
974693
7016
533341
567961
972297
105279
819587
609611
231181
410819
769588
28352
992316
455643
31761
254577
462782
776512
114033
357168
444924
569837
819493
424302
683785
768233
182294
104911
209959
531540
40330
837355
439913
241328
183391
346560
264645
225228
839476
268074
541781
859473
455601
634169
953454
681244
272082
71967
163319
850649
161106
352272
316469
985829
534338
157545
498450
922960
321709
988668
474732
344858
749242
321107
754783
483271
195092
752553
325807
242084
799989
414050
308845
219886
536215
645238
847920
671941
196440
646482
847660
319685
255844
306956
773999
356990
6514
792018
542219
657403
849780
218630
7885
856310
936012
41664
83486
887269
813453
495471
60371
549205
617756
449385
548073
208226
810483
902668
401932
256958
713669
439678
45880
93235
385528
706097
178231
624094
282370
434089
777100
773062
202667
186173
124473
602730
588852
445916
233747
167058
118661
202841
396629
973180
431919
279850
974803
221803
409463
509248
140868
86461
842288
847780
203648
797905
113234
342469
646459
190446
922794
572076
411097
385481
599168
368755
894876
21716
428012
819797
526395
259194
116517
612837
135294
899662
112510
606019
739984
849820
865588
423846
990906
23045
201626
318984
335326
911869
374472
645125
452582
486704
508903
899733
379376
320348
566315
751468
501326
849930
650319
427243
419002
233808
49480
756527
532370
415198
267525
885303
422569
998883
367256
207504
392464
295562
339836
337346
99669
431963
319258
226200
138837
757264
427077
937118
84959
550913
689805
376517
289338
301783
817852
490314
422643
88363
394189
801227
947603
371501
47929
374577
338508
154289
698144
244875
112815
537074
742863
83485
824330
420181
760890
184490
243001
382544
882244
68606
618221
102218
54968
519039
678878
312167
815305
647783
302529
869945
30980
290047
619596
835252
696676
710587
730460
356068
580547
15563
821117
403143
26113
375032
276487
812167
791410
403496
373546
686226
996722
93
706410
906000
950571
490981
119463
647370
954641
229897
406538
217863
832355
401866
220624
558899
430078
182054
989190
304311
789180
152672
843620
291652
539437
135609
887857
206718
633064
893467
965731
672139
917673
439617
499354
493653
224122
198687
400959
47441
818464
582563
851697
742721
659234
640441
587543
570994
931839
787000
99513
66638
78216
623676
409584
421903
426387
608174
488705
731005
146145
360423
241583
553798
555533
242595
257801
760265
970342
330300
843441
204075
637164
263541
323642
640715
560841
354051
895953
635140
447563
365483
2532
715727
677362
336555
654915
337682
250128
175313
591301
135497
272395
327333
613028
90582
251915
250785
989284
550775
191592
909328
674388
145223
425387
138748
594555
771240
420368
614476
437163
163876
892372
558844
82620
332433
634664
287778
382747
855213
547433
354872
908972
799953
961891
718937
527278
496222
800552
254491
85042
91660
636879
358644
577726
23406
567859
170006
994796
120943
822905
795172
754062
803076
827887
99241
993306
26655
219513
771330
191217
63148
857710
612173
730279
33680
919016
319068
448264
506432
499665
159442
462857
32291
849895
288599
73030
328523
39713
9213
526329
510729
567284
184292
324369
199276
161768
466852
985790
908312
438841
216250
434068
134487
564316
872999
587867
697241
189314
189976
863490
36213
500915
871235
968387
326123
252001
221638
679775
621861
553539
812269
675200
519607
131110
582999
267546
121267
809004
850238
191561
23434
89363
417789
62496
239112
793901
306746
799989
595242
516216
35524
409023
441078
454446
11459
724687
385076
354422
890550
452848
201456
737098
694145
239091
639533
49964
248168
161306
613638
818253
377610
248594
90796
739651
284884
216091
915661
832642
96858
357262
739217
252823
519018
732979
767318
540010
799413
947721
110607
88809
241625
242536
82957
193237
201206
793389
791574
770416
382600
643389
451662
305178
29010
403663
648567
48673
843491
494249
806908
660712
568405
153374
460576
873432
967650
483548
715717
290640
108151
715893
615786
559102
35239
886299
817759
145019
741937
287677
202489
566651
905796
314023
883754
990145
153172
414437
640011
250109
27570
49529
297201
470413
700032
41010
211957
293873
999094
389470
440451
885050
379077
993451
674696
942222
597931
803370
32492
287424
620503
464669
823025
742845
574337
551952
309645
439456
836135
479493
232349
792081
297495
644913
503295
956076
663367
689420
666004
992777
712297
919857
441057
193021
926057
505235
618068
836535
455022
500365
742903
435954
500153
141002
559159
256335
494831
672417
969377
331554
36400
364672
543236
859106
423430
424532
824885
130659
237357
816967
716955
264160
725297
181263
331799
318858
786688
948751
591447
529304
121987
755007
637670
451757
481002
416850
977386
424771
314008
956424
69898
7283
617646
92902
989320
367272
82983
552002
253483
438503
820129
997628
957714
192156
815915
720028
71115
197475
760271
713984
226387
59608
990331
796318
307085
512058
399609
918396
568947
676839
176650
76037
880384
56568
446492
469946
555012
741099
807404
362124
526306
483368
757910
749790
148841
599993
251931
548581
358042
310379
790353
872786
767216
121850
108698
714700
667130
965449
913271
39338
916604
288658
74465
833812
158244
51546
483756
498708
384495
854928
962312
230309
919988
201717
246814
264906
547193
697949
429623
74494
32776
882678
674961
448387
620731
327865
25132
281358
386283
334764
568926
226938
769298
235772
758247
269193
705672
888053
55683
501063
576268
212258
282890
297725
856639
662107
878119
289092
487591
170067
221165
761167
328512
185714
481098
22738
300973
767883
367782
459166
699053
925013
250808
836175
28500
877872
835062
712090
94027
867171
16557
485885
39557
47224
70539
209947
203581
690897
355066
488603
400680
267093
567203
103190
883061
10249
147912
943499
184726
15544
575544
931257
637045
94878
269784
843449
705106
680924
680778
635194
715294
310186
959094
415905
821026
972167
569697
570356
395401
329574
956831
416335
391013
463461
920047
397517
648488
753350
869528
931412
382916
123666
341180
932668
390692
197057
920116
349587
283752
634349
624770
839227
512723
628223
804875
911243
70356
897707
145879
487385
664739
361810
626265
353181
45578
260582
278199
3687
874836
412453
337958
711207
25863
879864
936899
899613
182552
489134
882295
302747
348418
988968
956703
823619
877023
560633
250362
857238
760040
450398
560138
76038
784346
450397
34945
354102
730674
77874
950837
392492
509193
60997
886831
922001
822756
746611
635899
247074
964747
422545
823811
321423
86052
823052
977505
783045
30457
945903
13957
511416
77587
261726
948909
457327
553437
171302
53815
414161
573600
851676
706880
280729
655154
940840
970959
276197
658116
44860
381334
132438
24173
759295
707780
889952
423800
88517
709221
712895
330550
887162
585752
601686
9521
40141
470788
118963
20951
246674
534
494247
401245
381004
71241
267527
849402
567662
69347
705524
158707
318381
841206
776425
46617
753629
87901
666416
583528
698330
167807
59342
963573
284033
131687
302466
189111
233275
343711
234264
299179
660922
184306
539337
663343
857552
544828
135508
503223
964012
647960
360238
157196
90171
380930
188504
661583
220909
248
512014
731385
392769
197638
629634
28228
527129
209645
266060
931103
291148
402896
680337
169598
477343
213948
33981
365903
209029
28142
716645
93372
736596
37400
731750
949342
20086
582009
555836
38923
733538
537769
101158
398494
8
871744
24018
800735
893345
562425
32064
745588
187277
941465
865429
593487
906243
567877
258627
582001
731409
887403
888965
516157
746053
494011
180416
599815
441834
845083
508227
399016
915414
349501
247205
768700
664531
799309
39362
874951
607753
502648
689989
517309
168569
382699
857121
215471
614413
542564
547642
202858
684888
777547
181940
748815
130857
3371
197105
33499
534254
77514
704642
802629
522147
29742
250189
743444
675374
81692
717574
990453
637142
664314
603557
382808
352542
22739
465340
81670
164408
194787
911571
857493
755955
3968
315936
221694
425932
436174
374581
184457
135071
866541
777597
93447
727242
24674
937757
62655
803968
664860
180615
395836
333648
572973
324171
310304
344934
128318
227665
751187
241400
583002
516671
362119
515332
626778
230925
27912
995631
327748
758671
459069
851057
641154
723604
810443
656630
695522
448124
482371
827606
54214
170090
890877
660191
526998
948547
874197
419653
248002
856202
115889
605511
784072
265465
530314
691593
249605
870572
166989
817950
721782
157017
588523
964279
632450
436433
39667
173488
77384
764923
649915
195295
849049
305510
366363
145781
306022
535244
493731
523768
10547
249714
788300
132000
215029
525508
664237
729449
413771
585020
576488
129990
253613
6190
27058
837627
869929
742963
739877
964926
825706
752306
