890591
304754
333593
378976
882173
811399
216447
351748
347653
542532
58470
290448
359491
77908
346516
555016
831504
217077
773623
655191
687501
887751
823950
97841
572768
548611
249232
867221
855581
86855
491904
187736
452801
643781
773266
348587
873440
56317
828604
88693
766285
601449
944203
260122
283644
700081
462659
537772
354622
644486
922487
276811
764846
570326
863773
596858
824247
394697
513784
338614
115193
559567
888866
445652
286960
320863
54801
108523
566022
435425
879350
483322
68855
157401
540616
931641
465048
476527
637616
49199
519293
207329
240634
187048
257590
905857
11755
58301
240004
796987
441369
160300
576238
848635
976847
798787
272776
442824
59085
2081
932786
168841
386821
966886
918014
596554
126591
465603
350933
835768
315172
914592
358964
595787
512271
130704
407694
796463
449946
192720
991128
701100
699407
183090
936469
239626
87501
547769
387744
708458
236279
431172
107803
919807
806193
74261
858306
788775
851153
239067
740941
281503
34061
754637
194891
62656
57988
593580
886567
635290
389330
137835
299833
363972
872186
828794
998621
265635
781028
883107
213220
499322
648430
965861
140602
493975
889608
832758
847873
589425
331520
909389
645820
442388
617668
593914
273779
706770
595800
968965
364624
45580
61658
962552
833720
244641
97902
386830
475457
534636
558088
926758
974432
911207
394347
864188
989827
608571
190058
597062
311213
707261
468364
265467
798929
273664
450754
99362
521616
797896
557990
395577
704053
587726
688759
248664
304518
537994
928046
322281
532918
807878
467289
805261
578862
378642
814810
764134
654206
312472
360174
990696
216905
800565
308333
646370
410046
865541
832175
309143
696970
65661
144714
80232
195026
719076
80610
674317
235291
928840
682403
972813
359896
397090
398964
665354
996611
104128
896082
649668
775180
463848
507460
821457
519874
99928
501772
50617
236326
823332
229798
516820
669577
743900
868475
500372
612229
978664
289443
804287
78501
411262
95836
250435
668770
209863
442313
172092
617117
496508
735912
23885
104825
463313
550207
311014
554456
996255
266851
983847
877606
797937
472520
784168
970008
923632
484916
614269
587179
743211
702124
443234
933248
240358
246435
710329
418123
754591
653246
428768
800094
689488
638813
487887
196025
591665
284076
9063
158150
688252
373603
804155
997615
980855
735390
894947
481485
341701
364578
599510
922062
679431
979256
34283
140788
849246
849306
555879
545685
368096
272752
795376
811408
792531
522186
679629
343972
978870
546084
700440
444515
121999
821426
523001
862470
585459
654444
239877
138955
318678
397398
90899
382897
442484
12404
250664
887204
449303
577379
613879
413581
715949
451867
479290
924367
668196
342668
361423
979154
63782
40798
337894
165451
574766
39199
573126
444406
828003
507864
664078
150619
150235
269399
173894
255786
874831
493430
903512
628593
362129
479099
331385
21140
126456
252501
842371
373844
117670
960515
754786
997909
101380
723897
3701
779953
420878
221111
339034
425384
413246
699798
939679
142772
237573
308920
790454
582637
878974
916388
884586
530008
912116
647220
361749
722317
473766
53543
671039
926665
745110
575011
641335
207090
279258
533369
619843
887257
122413
319107
825875
372464
330773
286763
699468
806494
416916
298772
512099
405205
855868
462781
834614
85281
516216
706224
546062
436066
837430
725496
269982
618110
40812
734151
670770
930079
149096
219829
368891
591185
769207
26460
435341
541532
144110
178085
730187
351746
406446
496743
461977
365291
238138
179286
599182
373640
609863
14737
372635
530240
461840
969513
665969
773950
958796
823446
159570
896527
775615
253552
609130
999777
903088
132262
872805
675022
940344
715882
453177
280227
330532
655
50581
46027
426920
522012
721625
690558
881293
265656
739937
205545
861724
515043
517560
32577
791146
237587
978678
780891
251520
583367
995708
806910
826166
715775
211922
365516
8793
632365
743021
801199
144087
678229
406884
690940
819761
375869
119567
187548
769703
932848
626189
628092
29288
148908
917162
470021
919561
136790
21874
77334
212919
771885
703329
394274
318911
434964
835611
229558
968549
994938
687559
849919
695974
545000
732314
920421
463671
846303
725010
997960
882480
903697
663188
628315
104448
791925
806183
969385
363688
986099
861909
245183
56177
76920
251820
665984
670167
539076
282711
368127
515712
983309
603961
176893
154265
286330
335383
818710
33060
816263
948724
762346
947501
412356
233613
504250
412270
18838
100584
89767
285114
561045
113572
24826
405859
238099
585013
249467
554949
510973
965127
928200
723488
231235
287305
899699
467617
75183
558861
522416
82235
169739
365956
427441
356798
58901
937797
926382
404246
986520
687897
237221
212568
749562
324584
899714
88590
462647
697869
773690
472546
28491
650378
987039
398386
821326
818976
164401
960158
681621
207250
100813
808029
912330
524968
55916
941410
840338
676637
144850
375277
522464
525305
764676
376856
446846
517074
815850
926631
679288
94502
673842
969762
469473
99681
968405
499620
663516
41408
478276
92749
385958
681761
250838
632695
848107
446680
8496
74212
200539
946301
52803
118578
515094
572716
596716
357642
129889
902606
396596
347970
700529
754250
117937
88704
784684
46020
513795
890022
258902
958913
865362
171618
310884
783504
587847
965215
310442
338346
232046
514351
492060
144917
23920
467778
153091
180524
375036
683341
110526
820841
386676
619336
263289
805772
342398
753411
201466
248604
752796
977371
896557
682181
844369
889756
785774
731051
882239
947346
529199
419170
614804
74579
882081
597819
873011
768439
674437
710785
788638
81224
199307
407602
699337
349448
196112
978120
540329
218245
29041
246489
459598
262555
970701
847514
767201
222344
630887
189170
358083
932462
276941
890462
744461
105122
669535
453252
614527
971860
814838
244151
643945
732247
651974
45510
387315
139474
740091
305073
930985
668426
625072
882322
154327
261769
766751
882224
650097
642018
25990
598785
605562
909365
486014
789289
117946
635433
18066
234796
448997
675550
763742
162478
243636
909580
619149
921709
403355
914860
625718
716290
501964
201633
627733
7798
809189
299319
269531
736756
178712
106798
267612
414574
289058
357898
632990
256173
565943
405943
593192
568839
463187
836151
305302
49044
891581
21991
942522
697357
152041
341250
718013
883161
499584
818034
592557
370671
470365
898082
540307
386608
817902
425198
76918
700571
928615
16863
892536
65491
77452
183507
85564
239926
313260
186486
763528
21797
885151
729154
167692
126101
916303
527017
508884
550884
298059
39090
606980
834743
371906
776308
90780
383782
754629
963602
903712
730373
819373
200782
121127
688680
423291
248834
568248
59489
619431
854138
442028
466132
129114
704045
294579
307060
889863
526943
170923
569787
596675
477150
975381
634856
227197
711498
355060
374406
688050
68320
762398
483783
89583
436630
268536
795873
897494
958418
494546
627150
204528
762933
604692
996430
17804
707854
11615
738226
39713
118310
149258
347231
898310
49952
291523
101950
632173
64637
984987
702161
681727
330768
755990
939660
306932
781462
842941
686787
36862
894230
774298
975641
500285
492814
596219
565328
271123
55718
8556
504193
547137
870592
943394
194151
781584
231771
33198
965908
708982
205341
342764
246484
394128
838677
366856
339607
420662
260879
840654
685706
659234
92820
611841
116681
579740
486969
176110
941941
319177
932207
33047
204942
163130
685888
80383
460172
834019
443752
712339
787406
372208
641935
258734
665641
859974
102698
764418
960462
426897
827793
606674
607357
703902
636973
177547
725312
884464
308234
818483
317326
296244
577142
860149
69062
300822
459021
760230
166499
553619
23086
377193
193893
538591
739764
686219
186438
877468
799250
433233
116509
505265
882500
644705
461443
595568
614074
303813
612880
351175
908450
417080
433735
705381
369224
58427
146844
236895
206287
633644
882134
137417
267673
924496
844292
866768
530549
66055
255665
929677
20262
892478
291629
627062
359021
843472
85747
336555
435140
204198
415960
365367
841283
740172
385819
888950
303497
26710
143180
354910
842372
319097
372542
465520
351717
111710
29912
547909
241593
282653
173644
393476
340610
987869
177672
996271
902328
218586
476734
332033
959698
601857
723640
113303
682832
175336
41516
95589
464879
174414
843941
59418
601727
501524
841962
397247
652648
386801
362758
41311
8041
9099
202502
626731
944353
128671
384313
790360
831371
386646
936706
244358
848922
966925
374748
766375
422847
528184
304484
690695
7902
469660
579582
878067
912489
847907
484090
460723
767753
879088
205916
322649
200513
528299
483077
171285
197084
245403
897910
999370
820823
378914
568694
110941
573081
236451
639146
62206
316214
711
78592
310889
8950
293633
3136
961262
196537
839944
409883
683681
492063
614050
752107
10438
256804
629200
449351
335423
64598
330510
719418
572694
549334
485915
326404
806608
409906
651474
855730
173136
888326
417489
342053
174765
65497
419860
336212
800947
261955
343783
54711
909128
79892
674752
773230
713343
684116
831947
344310
120805
521443
201635
28488
564403
443584
567539
196528
411338
854236
6777
92711
607915
809788
990063
372745
390290
516074
335424
172111
117701
903047
541756
391744
820344
31639
532225
83514
715085
19373
398912
441147
761491
413022
293960
199655
607172
722147
666295
896751
45310
896695
852440
637683
101521
28142
669900
138473
565267
703530
233221
854651
211297
230221
362066
276413
72773
826264
871930
912112
730480
136570
717981
55429
840833
571962
504669
50067
216416
286112
814111
800350
316428
413253
58234
722560
166265
301543
464558
855097
671838
843572
956133
653675
153263
983576
559562
803800
51681
782909
271950
136137
122261
163950
946734
869698
428060
374959
991775
663145
381234
250389
476463
360142
124236
780319
309428
9384
924625
564952
49515
717668
247737
424713
2563
2758
643320
501801
67369
331539
992477
598016
879595
245028
673219
22455
983545
422687
638374
508315
998628
131050
6393
443060
411441
764141
960497
398823
5403
303498
720096
951948
342132
265932
120803
78736
307291
633571
406245
206577
188863
505931
804887
564105
822189
539407
557687
514695
538904
25718
411945
129355
258206
362592
899168
207110
659468
540091
805619
113804
284282
906957
248891
902794
970283
741625
342263
626663
788658
743810
368510
619751
475182
824468
822258
9969
310344
513488
750413
670245
201834
510932
429299
915534
797033
809582
172414
375430
464032
190989
236747
839716
104158
676653
327586
377828
400119
135383
26836
448649
408616
960219
63726
593083
105096
536447
336488
422969
118760
64631
324561
675519
28957
995149
195041
473864
561360
770531
522661
330298
858802
531574
9547
342356
963960
469064
467999
944769
401112
828187
754056
739890
315813
335425
516750
345978
487042
764215
543744
63263
305110
815657
740377
707802
177891
670086
9479
480757
773176
480776
583023
370257
72784
50119
676925
522406
935255
195346
722939
555517
298965
446088
177228
180491
671582
571498
762704
719786
895073
239138
715016
876908
437563
9235
951406
952654
846742
895264
256641
626764
187520
427842
618767
208202
183979
398060
141329
140297
404224
183088
380994
129246
143157
204671
310257
746097
600084
369183
682976
713133
252280
424513
165542
254876
716060
533873
325228
410909
172743
863659
751869
912854
40479
211281
251245
20335
388256
733320
692800
114830
113247
102001
335090
74305
572564
201160
641344
889651
310238
688794
695738
296612
171858
377944
726312
795315
126678
857014
80450
830693
564870
757822
380847
958914
885563
293944
556593
631657
718157
293268
338211
837302
927891
812402
407665
946352
915818
10289
528144
696633
316473
142266
920477
97905
362739
999613
612928
538026
766809
228186
595209
126964
918388
736644
498529
219348
101506
112884
277595
98055
945775
220335
5509
733999
420434
473487
357924
811862
272162
782643
373885
305663
53891
682705
361945
750321
939530
902200
194278
737325
463062
325612
432158
784724
32873
196988
280374
258750
656999
100449
938066
315316
257255
545248
735750
144792
183273
887490
770730
406333
70649
959042
396140
928033
658083
568944
208193
18498
376589
395857
190880
925789
463843
507661
775304
994927
223266
275674
54421
671553
940557
629303
200727
867794
275168
817253
40226
753950
371041
166154
133348
136794
161348
518470
371208
875544
648482
101778
244477
773099
36532
278837
804311
760302
307466
982153
449946
739779
59810
960967
608948
382169
964970
282154
152071
798801
250277
241621
981889
110184
291686
237049
914037
930598
566975
325956
386216
890530
712038
53569
827870
435801
702412
130329
551097
339593
271862
89987
177318
257562
51133
181241
303006
506317
625158
214287
398685
850629
562406
61253
323287
918741
101781
719181
49752
26166
406828
45923
133462
440657
557889
499115
4286
48088
294092
214875
271196
236308
849459
302000
918303
861245
303686
204231
884231
629054
707426
162263
329859
782942
434603
325636
555731
922922
44805
474826
115663
911945
332208
670260
598408
97394
538876
749959
363481
86853
591700
630781
499975
648538
883306
626558
491580
889403
944011
421619
373917
971441
119423
585585
677687
336305
316756
879246
747319
42444
259530
504329
198789
282463
29273
911403
20485
863192
394042
574549
834955
403150
747377
718815
785154
889879
99558
338075
677403
970803
724308
18886
61597
356906
872550
834510
726033
242020
853138
452810
774979
385030
223505
81291
555802
751655
652281
267642
186718
769023
663958
824646
419424
936283
794244
572718
971155
82340
172828
537087
490213
906113
519549
579316
912544
765443
533620
698687
76897
829811
565433
332614
740926
760784
535053
16326
646338
414414
574973
247968
957603
317089
937503
850177
810822
981650
324867
831138
785841
20818
961795
501892
752469
935960
462794
913434
378920
430666
347222
456603
620768
429443
134046
237397
946619
534792
168159
212000
740329
334209
616467
176224
161481
384916
147960
554184
361015
471126
779058
10578
657984
38637
206244
748651
672252
98553
669309
286398
384493
690816
932876
355018
480179
156127
700630
800235
479905
174501
12947
25588
840818
42796
747757
341703
275966
440208
759366
917277
992070
814441
594231
113928
918210
864220
156212
152773
808704
738010
314009
319900
535537
444670
577473
673902
220024
192475
672826
950132
201006
733028
217079
908267
475912
200217
396430
564246
606703
750458
763993
103545
196361
757838
447690
191498
293831
311333
771484
433568
146811
798788
367606
241329
310766
250975
518671
673598
522688
407769
107142
115416
499085
896046
49133
7083
733564
353978
349004
22075
514781
349309
834296
670765
732201
871452
910416
388388
272395
331677
334769
166362
381975
10977
966540
875949
391220
612357
935728
441675
426611
408210
365166
792984
374358
745938
462654
664422
200265
924244
738991
980425
804338
664010
164041
696010
504334
221482
228108
511088
322026
782730
293293
170901
157391
726817
173623
702930
708464
21681
118667
700841
87751
149755
97249
534336
99684
510182
703668
569995
315024
346935
148338
494588
777111
770208
472972
18927
59686
789253
678366
805485
985067
436660
130090
414621
998120
626119
423751
545294
488708
905494
751741
642055
11391
307145
548276
26542
190610
124731
934796
876513
780486
31628
498291
641018
703215
591248
135948
233713
618261
461371
232570
569258
213521
239656
998477
447593
188514
281435
570240
778811
765036
726207
747020
897095
231441
981964
521610
895305
287528
686649
22720
263911
418333
904625
203095
890707
868270
997839
576443
563424
371747
905322
476589
742815
195297
90235
377582
811833
314161
364744
38530
66794
683970
654596
498394
247998
962850
628048
952528
553717
27445
608472
804468
648112
6901
498024
758751
728735
827521
538422
846740
935309
715925
772488
96586
598021
479099
267379
605104
623570
192947
439746
270299
893316
650130
159740
168137
731414
835601
459332
747095
536563
870336
158226
343425
521803
718160
688331
14049
157018
142303
485401
157728
362279
312130
286032
325976
238046
819911
591850
233763
633956
47157
843821
448485
654494
362058
837972
73409
189295
990644
773001
201181
793439
160728
960102
113932
195033
960946
551657
184547
44352
574899
406313
29929
348351
476393
333937
938090
967590
869009
797947
691440
407470
486477
344822
428581
823404
942632
266550
518693
381762
870434
334632
575612
916452
358568
219816
422853
215998
677419
356654
708058
384151
383123
340124
355160
869879
198896
925118
902640
588780
838580
714408
848789
229117
623231
550916
692053
546717
122637
427363
704935
967246
111984
90482
462304
947474
406298
53402
736345
337530
107116
501741
228376
96400
230271
145202
285702
350493
875760
965207
863745
222156
794805
417960
833381
369292
279937
835000
721969
817648
192694
454538
705401
57748
575726
759481
303140
214897
80873
765374
149068
908195
567459
274902
927846
663331
659273
206732
237880
204969
662912
247713
578165
853014
308941
433872
859728
582714
345521
741503
531965
958310
434138
596377
114384
383229
627807
538559
380662
32609
44003
504475
668563
808169
893823
120592
816505
877671
779407
826969
734395
557264
402020
657249
459265
123357
323289
766076
835673
793455
169467
772690
455307
319074
631134
485741
4430
34976
141061
361011
764587
396675
669486
926124
649340
480514
352893
983969
434549
672059
740797
395414
95463
651419
568003
667102
675062
448330
636036
855571
428727
718823
706054
335429
844498
221902
65438
201646
666557
128755
755934
190342
924480
682394
870660
862877
911787
629602
476277
651702
188335
929600
516516
804830
496060
503259
903717
472302
396141
368394
730607
51889
606207
351510
11639
492569
810120
684948
812355
41180
147244
649582
583730
221545
488985
955746
573114
290899
819495
395365
351900
775832
480265
606903
558286
969982
499423
492079
288709
523061
536088
721111
904501
23288
998382
809154
416790
652276
947204
143738
866552
123767
186206
337952
470310
446127
81317
784084
401670
251970
935911
341990
910516
577503
368524
209202
629719
884824
887730
225952
283987
26553
29569
73466
866126
672578
304536
889384
808227
661154
603022
473364
898439
920643
673832
801367
401658
967045
610414
409705
772590
723025
250182
160549
987721
390689
97125
224961
468878
214802
585581
848040
129073
603533
41386
497124
144797
152477
311719
593734
400307
535171
589031
915826
452927
327972
603428
401143
974662
659153
372757
14354
189838
203031
231123
739226
425012
533348
856778
278558
761504
663782
224199
162043
624829
323997
445217
273212
838115
895411
856149
335731
187250
120875
242356
64051
635861
240747
137659
233448
89965
365678
845089
824596
855078
77860
617669
803473
744954
692105
873393
251560
791165
950678
176174
864148
214269
746511
596776
842558
671414
343297
987692
942799
473459
974846
973680
780063
362977
889471
759169
960174
664081
976364
613358
705847
64031
772602
84907
803254
854551
898335
399913
931056
860636
716345
512319
452303
561103
268719
206362
225892
193963
342367
679365
906178
363537
802701
214294
406963
173353
738099
392669
446987
714201
419675
439083
896952
157721
857924
977419
729835
743793
725271
527050
720918
882627
677272
773286
284943
625255
23347
375237
463882
897
89380
419561
440517
237415
54687
705282
445536
207651
922459
209586
480670
593885
209081
73470
596926
674764
192720
718360
450374
145534
158188
188939
702551
703711
723859
337952
945896
62084
862998
68549
114972
307658
743564
642805
982618
461290
538664
204328
649201
922132
43875
630229
117445
2474
3723
855850
622088
550143
810830
428419
997770
645849
800451
127647
450274
187345
429809
906874
410336
260612
884389
478102
704706
96650
48844
737293
233213
153000
968431
567543
98222
910653
184220
739139
50700
469281
246311
447939
950041
946460
564595
90498
928267
914546
224373
299748
407477
487064
925428
279195
47319
54802
982717
317590
796842
326056
174384
624294
361134
238984
903085
764178
447888
799602
845154
606871
484734
147122
244964
765551
199151
952598
763878
407363
612787
858205
489034
522536
376826
226075
90680
21490
249826
323948
420635
656148
520478
975279
626321
811782
240483
874249
294948
32163
798163
600361
135276
477854
263115
761384
765444
734800
368353
627991
300288
297300
822175
580051
698771
421502
575624
13598
722923
711573
395662
967970
452672
206217
812410
557907
77922
552192
227861
446984
702259
140689
816009
751770
129529
230453
735396
274599
191489
542779
605013
462485
624615
741599
696149
957285
645617
493141
62841
838968
492704
563153
942992
864933
689980
870151
29313
123061
192950
25195
427300
199429
804619
89524
298231
296465
543779
915196
291533
104323
938117
374007
455934
512274
801343
739809
71654
280648
159186
482857
97164
209568
664388
958269
57654
724157
856782
206507
92556
438954
800367
947128
863408
252771
854780
328398
397125
120995
258284
809966
793809
943378
505619
211859
162204
622037
428807
292611
918599
875653
559786
515719
190536
743606
767174
280670
382297
580053
684282
54737
838449
316345
168540
7047
672817
226407
756770
584925
722222
251937
46598
386089
78220
7083
8240
878217
277462
408777
441994
623800
978759
121560
29720
724733
74780
531267
307588
60774
331221
922569
998764
583596
941049
279718
985778
26119
918275
972068
544743
511918
109967
902786
344189
955324
673052
904655
290541
895364
338936
790834
135499
896846
481154
72932
397918
194604
522268
352571
631183
185369
118313
379358
817404
802033
335545
546606
671323
445816
813635
353711
898691
596534
939232
856687
65107
72972
12798
168447
646007
512939
606242
833867
207388
650467
995922
146864
430996
482023
162330
41749
337456
256494
687911
946051
370867
978636
817115
342962
7706
872079
105340
887954
728844
987933
598221
318659
887287
586695
61860
848818
900278
236224
389153
824034
668337
182678
366184
440939
437951
838195
495843
376877
892650
373963
900054
258011
722776
679689
720219
711592
507921
763932
14135
175131
701723
158968
543540
732334
744032
404291
181528
967275
213600
406902
205233
982761
400331
75811
19459
391826
83811
548719
358976
904423
887036
704101
698506
261191
218084
734397
882381
94454
310248
783784
882074
722051
547172
295241
513354
413215
33738
182816
559665
716617
516123
50813
183246
113824
76239
855462
24236
243348
414698
221308
308984
237204
263759
645188
293121
299427
478135
30425
93912
70793
481965
712305
48728
383097
146929
404900
393359
550344
122230
891957
706229
376413
359962
758794
867193
672886
979075
657618
633681
438038
916444
151186
348129
672256
664026
287627
651944
567070
564296
541180
973167
295573
824635
742326
455899
719428
186329
887240
296400
101161
194404
330816
258504
438762
499139
625701
323671
85373
637574
111246
378361
83694
186332
607398
318545
23713
314292
634589
988203
504088
415169
579534
432555
816089
368606
939396
796709
58555
496967
57368
385338
587192
484704
550483
493066
662389
400694
82856
64678
850217
587858
741200
580720
118970
841987
740413
875575
616977
179818
196661
146002
856363
767719
994997
172200
785233
752347
277403
638527
843004
162601
911894
50063
915953
315146
589311
438714
896285
743720
928089
421057
204236
950283
233999
787777
938641
827308
514590
701930
919906
66707
643516
215593
626172
950198
68932
183218
531235
838413
956430
122948
662639
869902
106740
286821
725429
43372
901833
807095
727075
664904
695672
594576
406850
756108
490237
964370
768888
751053
7149
51404
512623
434295
119495
955188
484664
14722
343012
55562
370859
281423
253223
462847
644614
925899
224561
58662
152109
606652
694524
373983
932631
931236
986739
200988
467112
410541
852118
307272
998657
793341
774826
587029
356824
270674
731752
655380
90592
124338
482082
803474
849559
466748
962077
734203
434069
329527
317303
163156
711677
884364
449675
717560
687409
440534
151313
765402
673345
194555
718402
756430
515929
268702
312811
341037
816453
442259
177529
877620
507829
127201
303236
994235
229385
417514
840851
647464
420829
815278
464235
327552
220801
110489
664888
377466
824992
979304
731453
898261
504756
723670
271802
810985
252167
109330
716169
513827
331577
526778
400876
360913
752001
694393
332079
65386
243425
593130
294855
26976
280023
267739
987751
918208
939547
680794
21156
230222
282817
453043
996751
291152
337071
858002
230421
979527
852521
565910
405854
470403
617826
3135
74075
804551
603180
360574
528357
266445
333003
684314
311843
166246
771710
866481
575648
299145
540581
948009
817159
174870
902795
615891
93297
148304
33177
59114
783682
352196
525672
788383
72566
604112
869691
245975
697782
513897
656110
160516
189521
171893
257065
885687
158865
541211
482889
815580
9537
824655
333753
123685
477070
99470
131113
288119
786912
700351
335650
976270
320819
167740
861911
315714
944015
647176
429615
113058
746585
880324
429671
858577
291395
567127
606304
489687
218995
391131
527109
446795
471001
848104
438592
738643
555536
547737
639452
779127
827806
522562
868541
959860
616099
151446
853902
203966
82251
420181
5109
315458
65034
925903
8094
94761
630836
258445
118725
584546
980541
721875
559796
104490
430876
866995
464696
352272
23241
370022
394345
623561
310533
611650
438227
956523
821324
421851
775530
808651
525891
631181
608672
670290
262314
925467
87216
978805
296163
687662
279300
805182
147121
340570
214460
882541
834559
986703
684279
645494
44262
337519
800295
675434
157869
588449
747425
9308
319801
650428
489714
996321
485588
882173
13957
366164
659402
967732
710526
680218
79465
134249
39362
949246
335908
75408
566626
839583
877712
62753
375279
959728
680197
231147
485880
379546
804790
257298
836035
112671
529734
453663
312828
304884
19189
511522
73542
74548
360445
732259
206958
185645
258060
955485
951167
254056
810362
319037
739611
954732
703545
35715
121207
341254
501977
683620
295652
985212
48406
142555
701776
600840
400085
500655
564979
418595
316827
537401
539955
968327
971151
764893
883733
314535
443554
956732
37070
492887
996132
99322
881117
814706
691298
535216
833804
721437
242664
567197
560385
157888
822754
401421
714883
403270
418388
173535
802310
515925
569737
262389
498837
189852
853297
970689
650373
71899
984808
72240
635888
219116
846338
237977
995053
283424
171509
42800
336554
127317
915953
604050
886343
666706
576926
631854
949857
455395
707431
550480
553388
424472
225208
144445
92096
723398
258369
839821
420585
699784
7834
467032
475850
512328
528546
380499
554917
59123
228483
21392
226603
216963
49647
805089
823004
363279
373334
948709
752879
31174
837999
411584
383878
623243
612167
805429
4970
925061
113457
586673
158173
367226
196607
938479
550451
615396
420451
9953
30206
668437
312320
928248
357481
912668
209545
901099
329662
566295
199921
387928
558514
229445
303449
679607
817973
720253
423269
624159
482724
466235
306933
638814
636827
849522
965879
533200
417745
287283
594441
425882
472583
715691
54280
266080
595926
421250
890599
500041
862328
872138
213657
638328
995177
23288
151302
587091
40509
504244
218784
540749
278915
794226
422147
933716
101813
232850
517573
244963
898112
748943
301086
488896
935968
559287
297513
237482
420490
180217
145760
344012
681952
792077
585898
879974
38239
942256
818358
778907
755015
400790
427777
309017
965030
709907
835823
114579
823545
308300
97133
489895
272322
34342
180132
610422
232680
476627
865097
961548
153485
883837
198712
726832
5752
576370
558594
207416
892271
336763
551593
738886
429486
371973
98761
197434
578835
980475
698555
288383
898208
12470
244586
652636
510964
873997
11410
753695
385491
382317
689691
384141
445192
743000
37661
564471
869253
617965
284936
447466
524336
486736
427567
870712
298583
31484
705805
432084
612390
904416
342725
880954
490067
934121
659348
877308
218810
642420
851721
917255
118068
403610
927909
191548
701475
839526
121817
671892
629998
403693
806493
962117
114567
274073
476875
393914
261250
976310
845884
580999
217130
884250
211533
954983
333419
894906
970839
374937
585571
549138
324640
165638
114414
103690
874820
54199
384338
833822
438065
31888
252938
943237
757485
74498
587614
414745
117325
470342
184941
322454
322777
649428
522679
424616
785663
648922
356212
445973
55546
310219
646518
375161
450914
913297
854948
990804
139364
236464
534903
344008
741174
849430
622836
61204
573796
553961
345855
645544
511607
820347
516508
141622
513748
826678
748921
563415
223429
571089
519877
210527
295154
975719
796586
885666
278249
772683
883304
592110
378266
26836
995416
567837
569335
979178
275410
140947
972411
78674
614679
883588
8999
718815
974098
638445
542419
343123
999165
633829
238359
452308
632971
206773
280595
702750
28380
99352
684870
580140
114812
704021
851251
756097
22970
471217
892876
992453
862630
21844
823093
101590
59831
559338
95181
368865
958089
508725
411914
256155
63979
4540
714404
973022
16652
438922
938793
823845
72282
513574
33601
832256
742468
548757
429220
476759
756377
381517
969368
85902
457566
714085
759788
638878
286958
396365
531666
197606
64314
53688
400500
737378
211299
277833
239215
500114
533763
786773
364581
947429
381533
109016
897973
701078
636107
718212
486851
696817
421839
353020
116811
972869
957129
635460
520313
128295
641044
976005
709332
276166
133063
808443
497652
451492
229794
13033
520253
461027
326270
256019
264485
455137
233317
422071
659056
528116
669945
113861
715353
236474
815659
780382
350428
427916
420474
57148
907813
890805
184997
964667
238351
418887
300325
825333
172280
788971
290786
269791
749106
316523
278731
393866
499205
134932
299940
799874
32958
969748
878587
44844
34861
794437
53983
782599
929844
384451
731040
812724
782068
616843
337888
450736
902549
85997
822125
652525
222266
713432
720656
377926
871407
22595
690972
147800
812487
131886
196827
82035
981457
788962
536182
647769
148804
441326
37154
58113
656562
337830
604523
220275
201610
67692
199312
14770
56334
72233
377627
636763
221078
904790
436869
711656
509965
370209
615389
149445
720300
922661
802530
577446
736401
163136
223028
36409
160950
348833
362098
525505
746866
394397
4779
21433
303577
474813
748450
186475
390233
926444
647632
943329
41609
446286
891125
152585
909263
392334
649682
220345
565563
19153
929221
753378
740086
718259
418318
789169
522500
33861
172535
622190
225069
919131
567553
185941
522969
707749
105144
833138
678379
202812
113882
704450
335529
190876
460507
539705
517395
298827
456203
57455
176254
210903
263038
39202
522583
512080
153376
141534
592028
208652
488815
101714
101482
839583
293063
74368
210763
297755
292027
343635
996034
135419
191691
954771
471266
757219
119948
891533
694946
641958
301221
290775
850295
320038
101019
398991
340866
923272
846825
428338
168328
718451
285101
324160
406328
707248
748054
283985
550556
120177
914252
381408
970061
774772
701010
976400
92824
716955
844752
49749
101299
517002
65772
850812
242969
796289
572125
61860
355301
72426
241556
850474
558321
200361
55026
764996
851850
190379
81891
836369
581591
164882
541090
637753
430317
274101
446642
503455
941090
963614
124791
577301
666865
591899
257947
591515
77854
363895
270307
744665
243755
848206
904929
991369
849142
478951
644536
310226
89359
120106
25260
941272
547108
157201
540453
612057
46889
236228
122175
209101
848861
369019
717583
335227
546454
351263
85841
492638
306263
91274
12027
410175
830533
563968
133756
788843
666726
723098
878132
567082
152515
274582
498183
979038
284680
406686
365191
674669
742465
900268
606735
342401
338423
441958
773819
306157
983941
127070
119818
199559
282212
588763
655834
893498
497785
789512
350634
277284
322481
713992
992458
225393
365031
749610
229442
639202
437041
347934
203489
690938
107330
435058
849922
251052
615405
443594
803390
641014
719359
833841
99429
400246
291107
487754
392656
256394
417291
84640
91669
710858
387310
698567
197736
959360
21037
333020
613491
667215
217076
216317
117705
500893
714034
266686
662156
132524
772579
387835
844337
407423
357873
401587
344855
576438
457442
889283
753140
731037
298613
212678
56846
857254
528300
630969
640100
239811
703034
435765
362896
453720
701469
847716
4630
189168
436674
717842
912432
478884
553549
529171
593559
128534
63018
862367
574180
511878
73687
709920
200336
301113
590148
639833
123485
156278
556039
43988
620912
369048
649583
495872
944677
315969
375823
477230
141311
622739
446928
211856
267992
643757
945294
185920
908817
359821
983281
725635
809640
467333
616971
551257
802617
877445
228806
409683
597479
228814
295677
803777
848196
515047
706512
264980
952632
535168
58944
241112
621408
162773
582425
570936
188247
164312
202389
276584
13565
411351
213055
520483
475382
477542
677262
373994
421082
186673
280368
427749
971135
30002
720892
526173
916817
618814
999519
83847
762038
693695
494944
78947
291945
445583
693343
900846
615481
691113
260869
451014
238428
915339
828213
843904
996996
925186
749534
708649
739151
618769
406347
741565
732330
437118
252788
669540
86087
259788
214303
345173
503052
392482
172055
618053
417389
282005
769490
415937
341743
446488
267685
236876
450045
899096
176273
897020
756357
244666
252002
432183
992839
714365
318525
410674
615181
435116
80837
234393
434042
51517
161548
300264
128073
742838
121264
146047
877136
340404
723434
816058
919108
146118
464897
764288
832871
350439
306368
495551
517320
823298
758302
34826
253075
309434
356960
774662
126923
477662
618170
743161
879584
286959
39972
824989
395902
816423
154566
848575
362934
528161
979392
339059
604823
504726
905546
75814
195488
750813
661854
825651
529831
890192
202699
314182
487702
605488
233132
461791
714179
481879
24740
396245
873148
812814
610061
83350
161673
40569
827643
149021
56772
184364
959488
245797
35935
155327
863408
935233
6914
152842
50022
864170
283669
730362
559429
243546
566893
78107
982779
998973
789999
873697
32451
639414
434153
369580
875138
705024
412853
863862
376382
990407
950307
833594
640851
84843
291380
305513
950264
253454
968647
444508
251324
237261
573008
250623
703452
498962
521499
434993
716967
549903
6576
999535
494857
651289
461253
393716
502089
135965
676097
85135
78906
624818
927589
596423
333720
885940
125483
235958
417012
462623
822745
311862
801170
62968
117956
715989
182158
200419
234769
720409
634935
58756
741082
36045
336827
717558
864542
46615
810827
666672
413305
915840
664181
46598
728951
689368
65194
273800
775522
554243
497237
136548
334645
105698
365708
328704
977965
131003
383956
187031
701032
944522
849479
272911
180286
620449
212673
504380
582552
763479
133326
355260
614286
858018
361510
31422
523673
389698
820574
480697
367631
887452
582269
665176
989682
258407
959087
470543
300932
992929
505585
18265
381577
934004
810105
914098
792533
751923
87321
357339
399861
463130
868697
110185
508435
428744
381096
513608
652735
793320
129882
447630
516111
5016
226398
233688
848136
149002
177400
619228
643623
863784
996246
148660
764835
587646
840811
721698
354050
776921
845667
270212
840910
912331
899921
392273
983509
66682
329392
785525
809374
95657
441795
839654
384760
93752
449490
749505
84985
252758
251058
318948
319609
763128
658166
933255
589027
386276
395723
202899
507645
36481
923121
993819
447933
109361
115712
673059
29359
112522
325694
730712
396063
375301
323571
600213
169211
853862
940591
243918
66822
355587
940731
738568
411579
225912
549636
96905
158587
965632
890485
138831
623957
638157
42297
791359
428408
35196
369236
303627
997649
425688
934409
961148
355982
77721
204813
106897
280902
942581
746625
722894
166405
967539
773325
152448
561850
591692
580425
871770
811941
730243
52900
29507
782606
653235
375588
672396
353218
7276
417359
909918
165122
163390
267431
964746
712314
124045
462550
416668
650232
399288
440416
590746
168966
354031
986805
416506
825103
375674
524668
855136
435416
46378
736137
743415
538353
913551
672326
719947
591861
111360
180750
535580
290310
532629
946233
457728
997251
444157
465240
939444
285907
985056
473104
148636
955927
828459
803545
192129
473853
769635
371035
28191
955578
281673
270129
428043
34139
542160
820509
819791
524562
123731
590944
697645
329885
134447
891830
910513
216275
617923
698493
743064
962532
158649
279865
205384
276281
488917
478955
264567
154842
229145
679677
593509
157426
919135
904795
742838
40071
493347
620444
541266
296279
886720
218819
498911
477390
125772
360697
362926
427786
304685
976556
572944
364790
761482
971901
315033
220621
798347
571609
281603
821351
957265
515752
413962
323261
468318
510844
561046
128916
357646
122808
220156
695149
981726
482919
300199
725646
500797
542481
555650
8397
86961
44011
313867
394228
12234
326431
990325
847078
463627
60508
765734
959321
172585
269419
25986
424589
235874
141063
785396
674547
896027
298895
662778
635871
951927
661574
852474
336281
78398
135848
338807
936205
401931
135372
929529
664944
845806
107936
203678
281464
9244
326002
825983
317253
14510
95061
499205
837856
726038
871540
528604
93492
668605
721328
192403
272862
529324
478660
900500
337077
450964
13413
826143
108039
299308
738340
110982
805666
873170
296821
399356
333524
834061
901854
480734
705407
678554
59510
961305
60726
320950
564579
871290
372630
385770
381837
184359
97019
71615
223204
49712
259909
355894
414341
589070
982743
771035
71101
46629
966966
658535
594394
274261
41235
288801
743224
724318
295243
704786
590387
691065
926050
109649
850734
37613
656396
544722
403774
527862
756265
766121
54261
755657
936594
416086
71994
172024
246554
790053
235553
301810
737865
2130
383900
102726
314541
787896
477811
117942
958054
736098
116496
258590
2132
17754
272234
320226
999011
259777
44134
228538
113757
379198
60120
786028
895548
47735
492641
8833
480746
493865
55522
757062
536358
114898
171925
178913
795415
653425
590446
972321
566520
186790
627189
305140
237934
225378
860690
113978
184877
2013
363919
143330
583219
278805
891083
834766
744850
852339
29042
87497
561991
595277
281328
990997
970479
721841
79986
671712
94846
235548
516008
388903
584137
218707
125378
456950
306565
95519
325913
680033
790130
960688
122883
603438
536334
851711
717051
793447
879450
581555
243932
124675
335644
111254
746954
739681
68208
628643
432650
334082
157384
618450
810769
414148
762643
699775
720441
222386
563450
850547
789134
396638
806692
297789
79313
255152
841012
633792
179649
814599
155560
27375
239614
882511
914196
671460
664956
365750
460629
897166
860540
862818
833288
786875
939351
84483
864132
53779
45049
179082
301161
711732
958078
830901
262591
142703
502440
709431
364907
215524
485613
829873
288623
714595
974004
692669
703561
236969
71334
111582
965004
679219
436857
632306
123751
198090
680488
840629
51171
80675
819603
622988
773550
270213
366834
621937
351900
34772
402989
415953
547212
243108
57010
947753
424964
487631
90226
190140
860653
141201
813021
172013
131397
905673
62618
565100
380859
246616
807934
596202
765444
908073
559069
911593
425471
856956
9673
23465
404140
239487
81625
619667
45260
267497
837411
63990
832689
334277
180076
369459
876827
413679
970755
571664
76249
552404
924876
228840
601798
344839
889825
839465
885531
85705
686272
974903
105158
966467
727841
285691
630831
613578
709181
947986
717257
92387
879551
977414
237170
615225
770300
639906
647037
498802
502165
777349
828733
659850
654718
163874
635344
316442
253255
544771
678234
549195
732018
370082
565704
426318
639642
245676
388151
649451
530173
233199
597630
349958
709151
195508
201197
247046
354373
867329
570734
19858
115936
719450
77643
28289
789763
504475
673496
998488
955279
311824
113422
188459
370702
643107
747828
607799
453752
401524
570472
177752
161249
118743
220725
38579
911252
677489
274851
695176
521736
146701
135023
205420
211649
1287
68019
597490
571979
527997
806709
164328
363296
511165
915346
929208
318092
837127
254524
19765
941069
863684
256970
562600
26506
832942
145231
856618
992328
280571
636312
629506
309018
24773
301303
95330
287673
944259
822279
33331
478750
12603
375994
119980
78274
279265
520626
16105
421542
869793
358786
893473
967893
189543
797321
71556
926804
728319
129921
269531
333893
926594
10878
561221
34583
35539
393613
365768
638267
799386
501883
513309
540149
837197
731207
120889
992149
423449
710588
35554
162938
759638
505713
345677
503680
283498
669379
948894
114788
61947
269408
280983
119637
249772
876449
181772
416244
303638
747195
319514
229402
317490
196331
408827
458994
4815
131418
703488
427963
931459
653596
909018
557059
410491
89153
808367
122159
689400
913624
281846
67267
826550
601327
830692
293272
232407
855002
347685
860242
819702
507496
191166
570765
770120
287307
330707
234206
485112
74780
848166
497224
344940
339435
832331
220764
999860
112038
826446
532973
318743
362544
591407
958145
671557
367571
823508
828932
840454
618384
832742
814164
702274
527479
572121
625522
811332
474638
782335
22646
302759
961111
49856
448281
666714
318975
104436
50581
971410
435448
508880
414794
89263
166784
653337
314556
243759
472234
118596
200925
317461
84011
52447
531441
870954
670924
178560
849181
161030
889580
157523
358237
242502
393191
699727
627186
345137
682730
727424
100145
33004
12500
729573
346254
712582
92508
910366
603880
297664
260535
827604
939358
447524
725724
875732
271191
96135
624291
222576
560429
917579
916448
771886
548971
184527
543209
611794
540804
259554
18293
565104
883550
48257
9321
36833
413199
92130
751871
494502
834078
651352
210504
484133
50428
25098
293917
664529
107708
434870
947047
725436
510159
774519
929934
976618
966490
462677
773192
420124
495978
304883
746876
140936
832303
72188
468230
541114
999422
135464
49498
627166
785285
914671
260605
177869
51490
899070
762443
695928
798227
154018
623077
57276
880703
679027
489558
378762
534755
369185
636552
308990
736092
365881
938107
600429
377943
231970
674237
513562
359296
54912
510740
649781
140724
892
286552
282999
584342
44946
465038
882586
627168
181924
357848
1700
268960
288221
13631
349541
349681
58539
973706
364270
873966
195860
841189
962776
589778
896421
912093
625614
504739
819074
366979
682341
111318
566146
979121
17814
32245
389071
292590
993645
211589
909852
550422
571701
911820
179582
767052
76462
606620
66708
355502
477355
27140
833809
124708
577155
843856
920414
463042
629330
264906
408045
231925
513098
345419
667716
68424
487526
802114
493992
500385
207370
75679
77737
932323
458646
922510
645108
553630
155503
942113
134761
463704
501000
932518
443362
348195
690041
182207
281451
147673
311137
129517
89266
262710
810885
652900
521128
454052
420123
61482
570018
335796
794655
446445
969480
630797
971252
407415
783234
970033
102906
578069
785581
427117
949781
46733
950082
692991
939537
869928
257589
114314
536417
242003
987568
17623
815389
902887
532348
216303
29936
628398
930447
443994
683802
413779
39822
641619
734295
16082
534041
128302
205111
327491
942531
339483
389803
980228
297649
918454
469706
556667
186329
233517
398639
829000
861020
908027
461613
289692
898476
41916
610330
83733
144393
248735
277845
773455
53215
826533
514028
136107
850885
27008
485244
371670
646376
637687
486083
951275
714132
225571
422818
734668
680322
668424
614153
738362
547341
789996
548911
930447
46782
107548
186848
700294
996340
58
932106
627997
833930
533965
970042
848054
691944
571205
439848
759030
281340
80084
996810
293900
17832
554987
771888
180826
976803
887484
36986
161978
382139
114408
870687
149299
527970
208811
509791
94509
499984
824217
635046
936724
612525
400489
493626
886796
682456
57601
485370
997234
401311
792185
919957
574930
391993
903784
34875
15208
546059
118228
399976
245117
344350
544448
866387
736512
123828
699627
442520
289319
313056
222314
216971
863778
440509
717528
791907
302324
156109
485739
26316
908521
684452
470246
694334
439719
481873
680666
152706
338060
285018
919721
450401
799403
431937
269703
379305
568997
252331
507912
162359
680924
995560
330132
704886
718313
472193
116289
661645
885302
898651
726254
468920
575386
766694
548463
871815
820334
42159
673820
509586
775535
818882
127870
278996
917038
850850
25816
419685
799870
652945
725341
279083
492948
821947
961678
887195
371331
921583
861751
366155
271711
379195
166545
480577
869031
541979
521009
968435
134105
943004
482131
188662
950411
294293
653745
490306
561634
615709
831222
950534
745204
112976
320593
541546
182300
840739
873301
474334
959045
577699
90294
878670
647474
685768
751058
50180
629676
628335
69543
866743
202434
357082
95785
65461
629584
314088
410138
395858
858880
992814
269172
178583
218541
862442
650049
908267
29442
273398
653324
952028
889287
616613
187249
697169
834966
17129
621621
561956
134506
840964
129682
724420
741745
606581
845566
368976
213007
249078
88821
377929
206923
133358
976415
449064
852672
937551
277228
72910
575345
502723
990434
235350
549939
969977
288430
739274
186553
825395
992159
162069
623638
842955
645339
511488
275815
989316
487821
254089
174600
480781
492843
3012
936192
935933
320059
533155
563117
2420
519837
516334
820962
284307
844360
789441
9560
237522
813576
707953
556790
554852
565548
423806
740996
550581
380326
841808
954134
897596
118143
242039
508592
7708
969319
225267
116649
959080
928923
755404
611256
76144
85244
12664
555597
915291
906845
650078
792106
906809
392293
245307
662905
12570
133893
571413
154841
255626
779636
325427
298004
203327
635540
440000
89337
645680
770051
165552
233079
829603
316130
244291
389851
498901
99329
222741
432536
868989
201522
121875
867907
468365
246067
387204
914419
11819
686339
586565
885316
120965
603416
428959
363390
952054
304769
979569
591307
603561
136934
261342
918658
318493
828998
445186
2564
61482
674372
985856
190817
348021
742200
570631
411317
266893
194837
379007
265041
531556
190839
578377
266795
234268
827492
732995
553350
477263
437904
969230
887540
298445
366290
192038
465465
502104
47065
759517
413998
836229
240650
921074
459337
852346
880613
683370
1388
819336
227614
773968
315903
877070
84644
944700
918528
651524
328015
180210
44560
775222
276246
677543
55577
161350
17586
288016
530345
779522
572832
289036
994235
357850
387890
889601
898234
902056
835890
660524
66260
680275
743664
222534
264055
416636
689701
177541
683712
682735
616939
441014
970019
412412
686588
476029
985046
878524
757154
10915
241951
383591
404391
396810
165609
948324
650677
103257
558497
723823
138462
446385
654827
724337
228756
342257
882761
783925
987403
858393
974331
696794
571212
611532
334
767382
798443
314716
510358
201108
292083
972814
817360
356727
58888
856270
366550
519424
565651
270216
685183
403280
479253
49700
502818
951084
268679
654195
435743
168208
746186
39817
425532
946479
172496
720643
744955
460455
932904
580223
859098
4785
239952
396961
854953
43947
809654
513623
3635
210088
232874
296230
228030
329593
970646
848878
152322
483398
197053
709674
575469
669500
916598
390985
559925
127918
703596
19148
398640
176842
562544
138317
544629
546158
77332
823579
698601
8098
996238
881401
768453
409378
845682
504251
589668
33904
748047
53243
407706
209281
915390
41400
122139
771000
819311
937540
763687
448205
494850
700566
44267
732659
26466
279318
147299
407184
655112
401205
201883
957214
720649
420610
61560
390408
982239
547671
52777
402791
619193
268450
553839
442177
465571
179876
398146
282005
399567
375008
421187
852868
995597
296940
705771
377882
444387
949220
164188
417229
829237
152848
202733
476085
401721
862281
537634
806496
534140
533008
16483
643728
592875
362005
665429
365441
621617
66962
204039
998930
506165
179168
498949
684537
613433
938301
412401
729540
583142
327788
274812
875256
727889
406723
317155
272110
633153
874512
995230
827693
593662
837797
258123
477253
487048
240673
557161
347429
265782
33859
519016
850713
414740
677652
693555
462874
291166
871915
412088
975503
217286
288308
700041
885767
465066
644013
450214
87277
999987
293837
360921
766242
40298
436592
33936
752515
285506
240038
785345
127733
659560
424717
866201
757945
312678
111453
341151
833590
996491
968480
273927
319998
882456
107583
943505
120698
753747
698121
671425
297354
268580
952205
599008
492956
284269
405426
489529
634963
890226
881670
417407
255437
472434
216411
708456
312959
781951
689252
903760
985251
409317
118289
951776
96369
440524
215920
670827
383910
319353
778365
739729
831083
572847
59820
851626
473400
194857
819202
47993
879546
281448
88362
240780
445470
972822
131528
302007
801119
889604
429245
705927
955726
495706
628209
748837
197444
833238
87679
384183
953313
469096
814820
228126
448012
655630
407889
599625
50609
404237
440686
439425
660446
330068
450270
939693
730179
582280
931592
165463
41869
642866
843470
955555
867907
838906
367560
334820
409796
859337
242370
594684
330772
478441
510483
350631
865590
485392
623818
471652
775102
111368
164998
105015
776418
940041
116023
749028
561908
846235
620871
873611
591641
562880
439320
286771
399776
190267
422572
793561
535028
165401
614759
1949
361858
834844
59494
272105
467157
606829
961818
994622
162258
734285
936939
574617
359759
516834
150730
867541
70209
353351
112132
994391
980364
825062
424116
580003
839221
984961
163882
980251
681389
535976
882562
748695
683796
957809
855149
432808
914629
320488
385435
616350
155232
254307
622651
391534
941056
877607
785734
50861
821068
602390
36391
256758
744639
71598
256869
531011
346873
746245
315197
461690
444810
230386
405146
794823
953553
866428
272138
604075
536194
988248
36624
99277
154546
574182
544263
664172
238648
742415
887989
865649
651954
251747
333889
213189
141241
28011
464797
889917
458438
771417
293873
143394
221043
818502
463998
202424
279803
731800
34521
69714
936504
968685
924274
365592
196825
403958
602704
338887
545171
444437
224913
400869
649366
208882
940943
132472
128932
447584
216415
974532
59328
174653
938763
999163
572084
144871
942666
854813
30994
927280
843908
723165
931093
559280
137668
670678
926674
883580
400252
600420
266307
52697
605700
789186
164759
412737
746684
779546
669110
24065
394489
430989
962562
408710
805559
145667
929807
431228
6646
626085
455988
801531
607853
962757
65116
638266
390119
415436
38349
248349
671736
254109
636595
987595
528739
793195
536236
178435
591535
113647
710435
367501
494565
744696
694384
428560
706548
949445
344016
733105
20184
330332
500982
879995
131041
447793
307262
948883
801571
427979
682957
222642
88675
216861
559852
481778
499974
473996
201601
414930
145145
260283
125541
396232
387475
575530
955043
587142
953742
313088
819974
326850
313485
89498
336976
709345
325069
87585
644558
82503
128063
942295
422042
889517
283347
783591
363530
175257
34866
128111
923710
560617
44046
156285
675084
115325
499963
990506
634683
617292
674374
173883
839829
696330
923831
387964
11502
23254
683087
982127
673164
844705
417096
310550
427220
61602
496828
383666
52006
510559
503644
653625
496903
187180
913975
475623
479890
597565
294787
110513
239637
758373
28978
968403
421464
959605
177252
495618
573323
57355
908252
313115
859097
443121
302347
393176
116588
544721
852438
774497
280279
73375
728190
706772
161777
525633
840637
732156
325376
681574
766482
981601
84286
856807
502259
552096
32430
76029
728058
372485
937108
641832
327719
543875
413904
213755
106522
326640
478911
181243
231408
26482
811487
164181
230423
406524
464363
524951
53260
873683
752975
665308
93088
917207
275849
32959
723997
466240
638443
770320
757215
550989
114964
141153
882820
441521
371260
495188
339085
386771
580332
973464
73393
484609
510906
670788
507976
274835
883910
680046
526827
854011
872722
522849
598976
419834
636599
899476
715622
352637
969371
634940
849674
34705
664437
123355
787000
255158
491126
900723
824123
31592
976308
102510
868265
826602
620352
122585
900318
575026
553987
870404
707858
846928
985787
884604
310845
71535
630113
454181
359121
394442
682823
342908
565106
653022
684804
407415
65047
138414
50156
984937
255640
621857
924180
712139
698018
300966
503358
325040
846188
205065
262680
366620
277087
219929
36083
389185
4671
372705
388440
66285
697902
136351
684607
597048
648769
587482
886312
493664
25931
621564
155728
365639
393795
468021
358183
584524
850547
115443
869513
274717
83020
697850
616518
534370
609544
319551
98514
15319
246266
139852
572363
821667
657769
995594
256866
657210
462475
573653
127156
829262
186262
803139
788350
329191
872639
790300
799679
820609
659028
32429
753285
517497
320316
551830
843573
691551
681091
451501
237236
716370
413634
922212
285154
384240
639855
790741
929
164542
858287
718590
487104
309183
148193
79516
39789
486885
525636
58032
480620
452422
516452
675473
49815
827690
745480
664878
705392
73875
664077
119313
34465
129130
91679
786544
164090
988351
166930
720587
179938
139127
806295
361975
731048
270529
473134
109469
912999
629283
656713
155271
586018
239785
944602
917375
637664
935884
41121
31695
828055
90478
617124
191795
76761
410953
773082
212344
745680
917119
182287
779163
247423
289014
354360
345674
379425
151325
453070
553019
402413
995999
993105
550228
194544
144606
427879
93915
447591
636100
38675
376186
511800
563743
286240
762456
302544
566603
389896
134430
187456
945264
697010
549181
264888
996149
439106
125848
928406
654984
272799
792056
413934
655687
51907
720934
668888
343784
235832
979533
653514
894508
889521
271528
135891
198438
79538
358413
596831
112233
40886
401703
51281
75771
959509
145298
14558
976371
962202
925869
295324
870569
892913
513948
851556
435403
621250
911576
824684
760876
118710
545839
939918
208622
158707
97032
291724
120654
197377
704860
605981
740832
503746
436147
775511
290751
85645
38048
57889
742489
489913
721564
478730
693531
855462
447141
141713
185426
311728
336596
774835
454286
659788
756453
747818
927095
609466
479445
296820
859417
628300
205390
547272
554637
885144
57195
813934
76362
442895
691181
386198
632704
686791
489576
326177
277706
462831
168733
193005
785987
335363
63694
50537
92031
985524
704572
150277
993380
443279
14215
827622
132683
229406
732426
697634
513356
293847
599543
159610
293963
157011
305017
176266
813588
215807
28584
918246
61997
984806
605406
178203
512426
301492
136013
321289
840698
615762
287180
298161
117670
501963
351633
338211
529082
385755
945562
577437
345218
830172
585729
105409
365481
576751
391297
401346
49967
378157
572130
305747
241077
856084
826798
586764
991446
801908
72166
506136
182245
418209
443291
508668
619505
370496
930799
917845
303090
798928
614849
545199
969004
281786
368588
394327
225295
505407
150229
747302
321365
952575
912589
39455
685475
852897
381939
445819
776820
86784
19492
727676
210617
601936
530274
103406
692888
121279
685756
90004
535852
484657
860385
382935
589070
147042
923922
64128
76684
484018
24295
681969
5073
954798
110675
16696
369460
382855
236010
927010
814312
617967
564036
713730
890048
825694
171662
730913
70931
185106
302200
979053
585567
579839
326292
672283
465723
956976
740955
567040
80054
122463
199636
697948
905196
402941
529611
903548
597626
169554
430133
793259
103132
278434
579817
734221
48365
369875
963266
924633
382054
664008
800700
421515
818207
986853
390929
79427
807556
978715
75823
401095
880990
899457
713158
311270
382752
726463
546443
888358
800617
802677
99523
724655
315044
83420
838777
351647
753209
327096
588758
498288
896892
617671
242369
417117
33760
814007
706595
855912
580281
150295
440909
603536
435324
787144
375332
466248
540482
129664
411090
127841
85103
636741
490522
412549
857526
976513
450464
54684
779571
359498
585950
5292
86890
112016
695228
216926
557285
982935
574851
222237
770120
943804
952314
179868
352020
895316
525485
876042
477217
805379
810345
304757
807792
143874
776832
660751
299307
18471
885517
284713
751496
529926
192021
718690
386268
238558
140615
675605
612697
469178
32989
768095
47081
130142
755163
587197
284964
621327
310438
830949
384711
616180
904143
521881
452258
769193
609280
475405
590259
515227
756997
902372
165576
261360
891451
786431
680527
434869
128223
923080
911006
952523
370613
596096
657068
719618
648521
236731
395748
173882
798780
857790
872177
750074
82490
668096
14209
538623
715369
833598
676069
284599
351112
930240
125990
553516
865772
574715
990624
403857
697158
209735
704479
172395
857928
545719
484947
942448
436346
161918
186341
945200
43260
869591
484418
800154
216254
764314
841337
570007
733941
972796
379711
776200
869684
643139
514458
568988
473280
433119
112250
600112
99251
732833
489930
404774
746016
38490
238451
827180
917266
501342
650425
954576
584264
302264
204115
454183
974840
385446
13627
370346
630031
729704
990790
405670
789291
334837
635699
579623
659922
439415
26607
428882
782825
143816
699250
279701
723271
423772
135172
939787
289844
155336
895589
476675
867947
430000
852138
645486
363315
138270
552468
11379
785483
842989
497342
84306
93595
439330
188264
964255
434855
815854
430396
911438
879650
352088
906532
949843
274891
727043
923075
348769
879176
701535
67828
359619
67940
541810
421985
811751
356226
761742
249454
541471
328025
771159
434413
219216
810313
262552
927173
521648
627249
336651
697330
512005
887099
63059
673014
68379
831514
436017
136392
745841
734515
691561
110292
522986
303220
133021
664597
418379
599623
812994
779606
278014
358895
40200
655106
909846
416623
570316
101061
870465
720111
499369
417194
740018
552302
433901
712517
752627
952848
764083
976947
799842
78607
369120
952699
905028
160732
527588
56189
166143
168365
903220
721710
310927
557343
169104
847482
933608
918848
397492
845962
309508
342430
505238
954818
654710
698149
925601
639502
664640
276659
899391
813568
5644
978092
217466
678816
953668
896120
98238
865461
13459
186023
603963
946802
435817
724964
560660
507921
85804
369140
554089
691438
936475
288463
403339
691522
204769
424270
853512
772603
881948
169753
555685
958071
128025
261223
897906
589471
538239
768458
747574
559416
766163
694796
228080
111137
816429
617118
619315
779405
515814
13078
464740
923759
133991
633295
201298
808850
9694
95868
390689
291980
830050
896112
731658
153458
8938
856461
592999
826136
700707
430473
781622
531969
832048
319782
650490
794478
913376
360166
554510
718543
708089
183042
410887
671007
266633
94798
862926
243133
400885
373917
163732
465859
462515
260798
714731
450826
764280
759114
237567
970304
875495
651537
305773
946188
153092
510573
423262
67498
994339
866100
562188
282221
228323
804619
2062
955303
221962
398914
253355
865957
142610
718694
687088
383785
553381
621840
185296
507873
658600
253306
698821
756240
826218
625224
964267
860900
884961
444212
184150
321235
644002
419638
608386
270598
77233
320344
5975
849969
631667
787949
161129
848065
630084
612745
240650
23565
143001
521419
527476
546023
617975
656228
198900
373501
304678
179097
454002
460455
672983
482915
284964
325137
977125
124790
898869
5134
61471
891688
847676
512264
468683
643253
969133
643403
74628
404598
365636
991937
224240
70268
764351
193835
972847
737075
35643
805631
826059
771086
104182
396623
741887
254889
797232
484666
891629
983755
300132
283608
385073
838243
615443
849798
239626
449473
649327
905041
444064
152387
222436
107224
261425
493881
473504
88530
408191
679141
994666
961603
424538
728123
638403
858952
958943
774746
42771
711391
779306
329833
158060
807281
33794
156904
361866
966708
348693
406653
736132
509124
373064
530199
709098
241561
947318
645581
31581
852850
773448
29893
152917
228659
88828
411475
572425
591339
170710
478898
446753
123343
51766
120965
176366
637254
419917
340326
552057
647387
542783
270799
710580
23718
215589
838113
580410
381766
291758
66548
994959
803568
995952
587795
111984
924637
53189
211456
374849
126949
351412
512547
588051
497014
566635
31346
694608
829518
504447
463791
770716
182109
922734
596907
337744
331486
656805
590767
78607
503892
780655
476321
690740
589506
154049
655750
272086
519439
676824
104843
929481
85801
838947
991724
102417
241582
28948
345041
541426
69419
300836
122082
944387
644061
441721
781239
594116
534559
328989
389445
477707
654395
188227
776743
726814
503536
228560
290800
347907
89996
792237
219981
502371
777027
356391
278057
155183
481827
346480
74717
331087
451666
719892
83647
335227
992589
373924
321806
611523
2271
619759
196975
219486
361923
455584
423105
110502
949273
554763
784128
75168
237815
81769
680930
286710
142270
152886
454295
298932
35745
93144
507390
936110
178805
151773
7926
682682
723287
604830
698356
741897
181982
513319
255055
835645
388982
283954
551276
169036
143167
374972
711944
160620
545118
761094
252508
119617
104689
877309
919827
385554
346128
780918
487909
708287
51555
855137
723232
306021
147768
644613
214385
253554
455791
494418
440425
785719
763398
826040
888372
343630
743658
324470
532051
466632
805745
417304
852702
672166
844442
535750
575766
516803
942994
426636
262407
994107
236370
950418
694139
878639
649764
762526
245783
63577
697368
451820
24496
471151
968516
508012
67362
576383
763391
495121
22432
165748
348433
508527
215073
176083
581120
95321
302307
844940
997494
721014
47153
857427
680422
466949
236596
402824
115385
735484
199037
804339
131862
630001
489608
569711
155399
603901
416785
32934
606955
978927
801202
454462
189789
936682
29355
779871
420612
871010
329537
495295
771151
285868
860273
756473
395312
83247
572587
132996
789327
429876
886352
746712
43836
47842
448860
626904
48695
399909
515436
134064
701267
334395
296465
687493
297123
58128
704535
910719
232752
224450
423311
529759
827911
587842
820677
447700
789303
84126
991045
668916
785813
165202
450951
235935
231546
729157
689207
811789
541610
988852
147632
791378
735252
493291
750154
72290
97741
416957
205840
23808
258936
284887
718890
8808
314977
838472
980161
603396
203445
58006
675639
808228
586549
778313
34228
289844
667568
175409
823262
304305
272397
991119
584327
838180
407207
541928
903316
279470
507052
280174
520250
742600
870849
257646
132110
264108
17069
850456
634677
804066
840550
765656
32707
767468
786018
747210
83201
152147
435098
190877
611444
636707
55571
212430
123208
206585
101596
427647
549739
400901
165554
597837
559644
794343
65472
326099
162543
634584
311035
22319
172438
213046
685613
610927
994651
113267
307397
272695
935380
320462
473028
378003
249640
521044
663284
989417
14751
459656
186911
856178
441773
851695
6404
767621
689003
350315
278872
163711
595413
282867
833680
116805
554191
941873
270692
137331
907809
398740
538784
680317
149255
876245
713911
925791
346671
534032
45891
211883
158650
524436
433950
143185
772031
889369
664700
445379
99640
401939
800944
242002
529818
961929
491336
707945
670948
548520
163801
837380
303206
826134
877885
89365
581566
141781
685267
275396
152604
847747
723693
757805
165609
757835
148723
926869
25599
863332
296488
835738
97298
400687
456713
816201
145041
599328
987751
852659
309533
221466
789097
334437
159472
141683
767193
888237
946870
515726
925802
326444
468982
41300
77178
182388
495398
59056
945716
105649
373098
765644
624608
358644
783320
365559
112431
175142
199505
708423
274847
312973
451960
109360
892948
324933
387910
570198
777643
152403
216690
226774
114692
173525
181907
37844
638932
512440
823669
964031
187976
141113
536709
462676
5124
100965
663258
371218
718406
320699
378031
786902
35169
514472
744749
961235
928
57306
607759
108607
955196
689412
675493
199895
804891
473463
936483
121714
725367
887521
488578
313196
602326
759122
372829
407265
423210
830013
304881
472776
438360
878571
842764
5152
254258
718965
691391
632366
192505
236408
293714
583316
958638
11369
405612
261081
853996
785868
939753
711023
40476
291421
156545
784764
249972
206492
595701
41313
385047
249930
560500
821978
95748
125189
10418
397777
259661
932881
977132
986354
443961
983829
795860
265991
679233
904979
46169
483917
283742
781771
566772
421381
475459
182056
204762
647853
874510
900802
437678
832202
118893
526313
585335
484308
687111
576201
553186
789746
210580
792730
214980
187191
223734
838180
352782
253421
436208
846750
299261
285814
325139
531787
449247
19877
396517
449388
320474
269610
246624
990968
673144
90481
802838
77085
969312
72744
764450
869894
46372
152741
515739
735698
355643
583267
336348
533119
526544
799124
536275
133116
364157
105152
352826
583208
589864
942027
289909
595060
212885
408424
574215
916268
871627
363193
369113
647411
223858
995222
36789
697425
253879
220441
159204
372008
274785
73487
952699
127278
954534
35110
31820
241875
478455
307542
508452
860314
679659
838448
6790
6853
687226
834698
860716
880118
578843
673253
533929
769278
132765
621173
908231
600009
749857
702327
775147
566193
322360
827378
718144
276107
205423
230176
498986
600202
843666
120365
828268
241940
284811
498538
657826
182672
503623
682638
279777
523348
685940
325769
498377
108460
126566
235128
746231
958284
311351
345059
102705
209014
632479
36821
321489
321007
703036
871095
919985
526892
628287
674715
967731
734949
684885
884078
319039
423733
772398
382024
269479
555955
522092
226391
441061
808563
832655
439063
341314
568521
585790
771591
320094
310082
500932
29762
993377
89762
986549
948671
92926
756726
251273
866581
247988
424605
628243
23376
909861
233199
28386
905916
883712
749794
940228
812638
212370
826561
977333
362378
7955
443896
972426
119785
986348
429098
12512
427302
449414
20729
183288
784259
857319
244210
111229
892884
483127
794653
336526
644574
558878
963253
488190
828939
999327
137047
219907
875275
404845
760520
553202
518976
450227
928343
265473
848288
105137
776961
282696
606787
30869
798843
301544
153410
582460
367051
904376
211031
369070
804681
948672
6542
926740
291648
124223
737178
137926
728871
345643
157516
755086
446834
421339
535280
901053
850870
356703
477171
270498
933754
213877
799658
608345
270291
657532
696508
626732
452459
713786
54580
394923
420232
96056
483100
809180
70206
275513
412986
241532
482532
552996
843361
151653
359439
192038
464005
900571
598281
694202
184356
890310
76343
546363
464465
787079
48921
831616
150796
69965
607077
390646
204268
381471
361557
870525
95497
805833
280302
693658
704287
189890
447663
153458
723661
27227
404262
574338
723108
689573
83313
596388
864266
238256
248678
721425
444299
792255
321427
300780
19683
679715
309956
535736
898630
277311
955082
912976
942165
379274
971859
713835
238382
442649
977998
219116
441753
607224
28263
84390
740372
1312
536864
278282
872222
52081
174164
309901
39304
378232
612187
358002
50555
69547
651716
883366
500028
80982
649979
347523
947838
971297
393244
922346
348226
254728
163151
234330
409522
696263
104251
870021
68658
173529
404491
400076
436532
70434
558610
221068
32470
578365
400965
889784
863704
488605
484340
430043
409054
377782
716422
495436
421146
807544
225189
303430
96280
966492
76125
859795
351812
201522
232079
393387
63853
436527
97637
645269
468549
56809
978959
549884
985453
916833
978879
51800
95800
284644
31237
781006
849131
415633
853431
724649
827042
185685
862016
790585
31970
377550
36328
290659
244584
46882
450990
249136
320338
712880
350516
16057
8146
919190
531772
816992
179968
863898
23345
187243
282341
969906
656547
760292
961742
881199
111277
803740
478952
439632
724713
945558
814780
382271
416827
458753
765482
733232
918822
40564
347222
63283
564780
463651
160770
176397
5719
320064
492832
469596
136003
200967
548439
980947
220217
681564
707156
435553
318990
238596
947035
304649
385249
714072
444675
317791
989303
201442
751562
566756
355867
229551
809765
958748
885480
280265
108720
645367
980534
393358
799614
804256
619924
343665
67704
977368
620195
848094
523159
844020
795390
686949
595669
10833
836607
698495
580271
623221
939245
581944
629230
25476
327801
916661
778354
941103
103908
348768
722406
439000
654371
606882
992305
874983
27761
81553
838311
259299
933289
643003
194021
121517
790021
199595
142337
997215
775894
488535
331485
153823
267131
153225
699243
733837
290974
131590
956168
798147
161621
646472
955701
281664
680020
272202
989084
10521
746452
233964
100993
713645
49632
80811
77938
668540
841176
254347
108774
904158
400617
257611
42674
832733
623094
18297
66726
167519
318134
30747
12398
170856
46703
225349
615310
547039
11742
828509
573734
583031
992078
462819
390629
817034
771524
926184
248914
553181
767860
384118
613982
936623
753058
770746
707749
668093
698692
59325
651765
146175
901525
630879
628618
804969
667697
822292
592827
508168
403100
611254
346423
223952
404675
355188
876482
975617
496951
133218
314927
237902
49044
397008
10604
548655
392361
1512
857304
497711
912335
363880
460956
26931
772106
930734
583401
378948
552078
465449
828040
676258
464040
210419
522339
76636
44502
901561
42580
975261
384292
692457
26989
566167
622130
696026
445545
452861
803073
837068
841325
955125
950547
733004
709879
607029
388952
304684
508018
469219
67325
17815
14423
73377
502359
155945
655276
832086
109108
234964
889632
277046
312521
404628
175685
131256
373489
216576
155494
38706
429937
567154
795753
952442
947620
811126
658027
154159
445723
178243
397799
386279
426139
896260
14124
836260
189027
149491
747577
170679
904832
222617
328822
364537
572462
944701
433900
35110
31067
570590
987755
701846
830104
641638
740770
798445
141753
140997
770108
391690
359424
653694
157837
364422
983357
525357
678833
283081
576978
312909
17100
576070
93229
350381
899593
954288
273177
417427
912892
380756
586820
424401
818631
993511
703097
88022
117862
787172
877572
943851
207761
777833
998181
6278
7048
526662
986829
285981
792973
492002
287060
113292
852710
318943
453582
492307
130062
910663
117939
896379
453681
307481
582662
861427
673689
382672
271808
989904
967650
619709
815845
313821
674507
421761
451255
122375
809221
17126
638522
942327
362441
777744
160248
857205
154027
692331
584279
581201
929712
679202
794191
495535
312867
902277
979212
347890
65217
401030
162810
497418
164787
383390
551419
734796
539358
294705
637026
377406
470633
412404
684640
770917
319740
680723
176059
436635
25792
904824
787620
18232
117102
