523661
737970
942381
343954
409153
605595
156104
465302
146160
299323
948733
359446
668518
149739
428510
491426
255653
829478
909558
499466
266967
881410
309496
192563
807878
19573
835800
989997
187829
358969
21041
136623
267427
288515
528431
654302
183664
61838
865305
489385
249377
314555
735938
576708
468015
831897
870911
506198
349890
578489
323651
768579
868344
121879
886188
742484
297477
61640
329347
364373
659341
669776
995264
241485
125649
984121
85247
815144
995533
2480
113994
519843
248204
699538
448201
835174
731544
608196
842272
322205
724949
248816
550774
441110
104260
76368
398904
154012
680771
729051
224122
574497
672318
631826
460793
210803
533688
163794
406401
565185
244082
498459
120370
873339
519488
909322
662725
168096
709720
874760
555468
838462
33179
58272
147727
536211
570070
653075
255889
536257
999334
499512
301888
353070
240837
548448
506021
627637
697943
390835
811111
212529
809674
159975
168574
937109
437462
99129
431653
829488
451127
273443
744501
907417
191260
599195
33334
431217
72547
809829
174913
886731
894463
994376
289391
302417
252876
662587
716539
923175
153481
733678
373511
773697
98397
730680
506020
378340
744976
917568
318150
41521
186220
55458
552623
276658
550002
9030
805195
172960
758410
904437
29183
958881
645462
319796
65798
476362
34398
702601
485799
342729
175032
241392
941030
701087
920416
602292
824583
397773
982301
47803
674279
584976
242555
721169
925200
936894
685525
18478
516149
582240
382293
542249
341335
798089
875276
811300
360761
813550
686953
954912
388772
413812
387213
600475
949534
841826
699133
245320
674250
313707
956326
235758
330243
805155
207706
409080
843911
666222
290945
911376
937132
271320
565398
754669
712862
809594
497862
302513
839073
680704
13512
192910
379426
36688
517910
51983
149373
106505
248073
817113
562812
84062
561085
42702
520006
257302
263910
844400
955639
917280
972302
834511
953692
352572
446738
745140
778637
975244
206351
510775
749070
835839
378657
537510
281801
335975
247871
274918
223659
637104
855079
3751
146146
407284
961826
281689
689244
51105
140087
586543
488107
784149
354415
685705
650690
255668
913031
592604
690387
664185
244288
60050
371013
517279
633785
47541
462034
142422
149955
301697
619646
268237
841744
892266
359349
870263
538316
962489
727017
466024
147830
753569
6524
836435
965940
511022
680488
895738
742477
26912
560426
337498
930996
535412
201981
227891
20051
533350
593424
98134
975142
375738
511474
453074
373647
956869
322474
379402
663738
594070
693561
957352
102264
449146
701668
876864
544944
52577
227343
832637
332576
974935
605808
89735
304646
497258
368312
869981
255280
389794
731712
630747
133080
491085
725165
500329
453152
201087
195601
111118
207558
84666
34550
30277
870667
211035
61226
130620
7564
167189
903180
464832
545724
24289
102669
826607
102322
215296
69460
766737
210883
249772
165913
853786
364161
865088
482098
743252
900381
661259
286572
72162
193849
655290
935128
180369
773202
334802
34466
371698
722915
753311
579235
353113
41742
391266
555363
323274
638588
422653
98946
461514
22735
573025
231608
955457
321574
801636
199045
254654
771366
642462
950882
940449
254631
925557
12967
725259
605956
771463
785259
756650
222532
675639
928692
992329
20312
712443
73433
585849
857586
124312
902022
938448
940877
800090
754748
542891
202460
292808
481489
848022
743938
215509
745851
136212
817575
455753
385214
6063
412353
862847
577756
643103
522606
947414
306514
297579
508030
227067
347859
52454
330007
733018
626938
218729
803202
547613
780514
277232
985392
322983
981507
464709
132375
66636
154937
87654
192249
955418
746003
473867
773402
280904
46393
966871
82484
557538
170287
375446
435068
340485
400854
868874
324714
469433
524950
595281
312913
569505
433730
444190
705403
457057
170628
49797
11186
770486
75818
627445
209288
780800
993671
675189
147566
445598
943680
362030
232236
139076
673070
294584
353844
64865
899614
400325
448585
934891
426329
752938
397446
149480
968303
183980
887888
848497
15055
221695
338196
431170
811765
313870
56696
969199
362285
820947
235974
714592
987152
243650
749473
871956
307092
757858
256228
228396
976138
314968
851295
956342
981929
443828
822249
327718
312821
67033
862097
603637
50528
881162
349244
730342
271082
31609
232241
414204
897852
979874
886938
150937
361323
384169
478682
122474
657578
510414
930379
660838
254117
275787
886442
718733
185084
658163
734003
41396
75257
775630
756749
712019
408896
387882
501642
76529
894480
520616
289647
352658
102000
864912
17136
711972
732539
416027
939207
144664
757817
969783
592440
443285
156611
511851
513636
623589
598390
725033
272965
677342
948968
555609
307231
422821
402320
575148
390948
201910
309067
704511
403901
427091
107461
633424
611308
234192
580730
720610
452558
429063
239248
603247
769572
294631
901407
989007
567863
464363
689725
803648
363097
947782
242985
569433
412428
395911
363956
17489
115811
557074
246504
382047
823730
195071
105605
189378
498249
682961
565566
492930
759816
758765
301657
502548
857914
505241
208559
121127
999514
678224
560130
854315
664498
153759
977880
262653
796493
914390
824222
997303
959401
386371
45547
670244
762196
978680
66462
762309
627793
787788
389061
223497
866703
889268
187090
43637
218212
650994
145495
216346
960457
245176
490287
508521
701421
864416
464557
44629
884997
114767
76109
417428
721382
184850
639705
815456
617373
770217
199186
745748
286089
876266
883572
613676
879277
310777
660869
251097
113361
28875
201847
963997
969880
29838
969934
866595
738291
317659
607433
148577
667738
384273
919498
51548
10248
812811
137282
786350
943202
214926
572720
300141
465510
722817
916342
26597
81195
375445
312187
463256
515563
812382
992219
183642
864982
370886
904076
796964
33061
212182
625052
758293
488536
79085
782682
314983
302055
776059
341168
754855
332879
364478
141615
489345
555167
403917
869354
438271
414870
273293
96929
462092
524701
201294
880551
171513
645258
232522
740265
100991
80806
833141
391697
998852
396186
642904
560530
863077
709016
697479
318717
961301
573503
108303
287823
184901
13577
967607
44378
221833
188265
270732
223628
935814
605798
747239
781244
236852
760525
744156
340828
275931
468398
572149
87910
159337
721702
634968
597723
736699
789913
456568
234233
2380
602284
703466
469030
692467
656875
368657
713237
187499
515171
983890
423941
423468
393478
425176
716516
147910
783871
360633
149225
885022
767146
349365
676580
609252
482878
113804
572452
226429
975463
243995
465449
608987
397142
126653
151612
782361
692034
985996
274667
410886
805668
154264
989260
912499
396271
943853
691770
873701
444704
551656
281792
300930
153135
65177
761460
774092
351547
236678
782897
797844
336216
628391
995219
616465
887419
340351
360364
819228
7828
591106
557577
121931
373625
62922
233434
498540
542296
668432
137698
159840
55983
318109
202985
848158
121161
979660
157023
25186
392822
986078
274746
509283
678982
734714
293193
899387
819232
614082
251313
138453
834037
441604
215376
554281
412166
136364
655921
483826
887672
55936
671738
34760
138369
668490
508462
514365
987608
104638
901314
337812
509636
102024
527139
366563
359639
275350
893343
438309
176638
963642
968048
211054
362974
227742
974992
81896
508143
991591
72548
201802
668555
513966
200970
335041
113291
901823
173811
480809
233264
342479
2959
240654
354596
96265
873538
441849
461647
536787
862064
110097
3381
781853
10055
779943
865063
231451
888583
70667
812743
602411
16896
653734
63657
372334
80625
384315
120750
143609
209391
93072
221968
759609
184898
792458
571912
711494
506083
63816
838044
964770
841941
901178
69368
53054
966067
952096
416637
333304
632362
339626
807757
510631
907028
326725
979122
404922
230907
825701
91086
37879
168464
871104
643430
953278
786551
134544
499934
171098
994926
790247
392063
458093
239624
567293
442177
497431
823098
613108
633620
577320
309636
497548
162230
646387
609080
312732
956445
105137
721771
387593
306448
883947
906455
749977
594326
744938
566536
72332
69216
368531
376059
974154
184897
660626
953957
205153
519641
367487
799994
257565
161576
246947
85799
246512
859920
700096
400467
30584
651304
940633
94923
128903
885642
852681
366371
552424
96861
449357
703853
760558
954277
282673
254042
505404
402666
97245
415728
367645
526876
358423
182916
23640
950594
301207
40585
987242
446981
822550
952958
768504
7989
672214
45994
742417
521032
577067
706704
646016
671861
326465
321068
711333
482717
85327
520006
570220
275653
335002
377954
775801
684260
234894
68223
418459
742985
487274
905926
988242
369142
818339
532712
188578
678130
395813
54181
273438
558470
885841
651091
756852
307446
713668
260132
788626
29885
183733
160669
359465
291248
705738
247171
416317
485577
86880
96392
359286
525618
508996
618233
946766
22264
35530
365974
895856
452686
975527
4181
606319
33340
660154
341417
924092
398006
184508
55757
381334
460753
516711
183772
632421
854824
112039
176094
175215
272463
318462
193489
72695
345940
448172
940445
342548
209726
353547
893228
72997
216765
938541
122693
941010
860352
577373
221091
138896
969378
742860
6561
519410
202914
527095
439172
795511
34303
634896
906991
747860
415918
615522
980051
912270
588947
456146
452271
432533
264364
926448
784406
450369
412250
342332
243576
959964
745630
317003
392148
732476
556589
754114
628626
951741
534023
965710
148986
822992
612290
28035
397862
553311
382980
123268
3673
56232
989715
344698
541286
627232
752675
110212
105511
659222
710933
424333
861764
339722
311237
675827
92518
737164
568732
396993
486039
543686
257041
603521
193085
312009
777715
621327
36574
576053
648608
377560
138680
689181
595239
115173
516292
15098
959768
631607
244314
496722
372418
168439
952933
790326
474088
958472
914213
968214
654125
207846
365647
771458
144927
17498
906709
68790
494972
87914
27631
235416
668415
694022
319934
107903
835055
393573
649626
201031
702009
801683
352176
503843
554099
701594
410648
898572
615982
694303
455827
280216
396321
339868
47681
747864
166319
801791
48398
228942
85317
72895
485930
917316
899993
188902
692877
209607
555970
426469
11217
475485
933021
534193
570689
85239
582640
535186
708560
695559
569611
159549
299290
194126
628107
340657
622695
74446
546475
535264
302596
19023
446614
689899
675306
812105
332543
502279
644900
30108
437306
906833
552858
256985
702802
888132
460565
452479
780409
566073
276788
266398
745883
414983
297676
169286
784751
374112
712324
98481
420704
212295
230609
134125
841939
705791
986100
280056
955504
341289
877756
534117
745285
801629
631431
506586
858430
616726
517156
421643
288108
645736
212801
56858
510384
965586
724033
230776
84233
45508
47265
167336
738075
765155
628189
923266
385822
350701
201460
893713
542925
116839
380873
258286
279040
745484
844391
155635
360593
190058
942957
798688
146740
533604
118636
977757
557917
995865
985989
96151
588739
309856
751515
481450
13749
84163
732342
539949
880100
678687
921549
3329
956261
687422
799243
13570
674580
278380
951336
125633
284511
133388
392057
719275
289240
379023
967402
361537
932171
306945
7098
52865
392112
715146
157668
943142
783976
763048
34584
904198
514587
318716
141045
448637
839694
755971
268333
83823
274048
982683
470087
172928
671642
107569
960346
743174
566055
874759
510305
278035
373141
297265
345824
136652
79711
344543
148857
205829
601469
256125
678867
799580
648042
350794
418179
540677
407606
808310
387781
365634
118875
212237
270476
32921
376407
742858
952282
279318
798570
808228
572366
266569
375637
984571
751013
235513
3951
868098
120624
440052
306141
92099
94995
503269
40309
35059
168893
592726
676513
989530
402267
554534
385468
666181
499869
645920
323745
315987
374296
273410
606338
535119
793306
43860
692683
25721
180727
189756
351533
27595
910146
308182
775002
613389
714176
190666
200771
602174
814069
828535
721609
160310
775465
744457
282783
228341
914721
245170
530479
14054
636503
971470
294281
560167
720630
435718
235284
597623
828717
734627
273675
193681
659970
817046
310003
498996
880760
629979
702822
329600
617479
171025
960031
648294
277621
67890
919826
13530
749347
604535
774949
423393
59437
505343
398281
139899
699214
37650
735064
9173
773953
188664
283786
735027
515816
745243
640674
781258
271541
327106
927351
57226
715728
647243
227926
446552
475576
20567
813762
810429
808952
528185
28789
411445
390799
797862
490130
468849
412136
86952
191367
462407
138852
265898
84203
450834
105488
333069
597499
285085
617356
952049
151313
445080
920962
607118
904238
420920
9316
976030
559318
138124
517720
66012
716585
496057
895739
536569
337043
627779
155839
866444
182723
10050
957058
37090
178609
81448
831163
744587
880937
367592
939266
117269
463832
271061
854655
901834
21918
801259
583406
625737
374613
810495
584559
650502
81769
12200
832384
882158
896211
757991
684207
312476
373659
360256
559030
310375
365612
63347
153092
949480
227419
359034
782425
118642
223032
900127
587083
814308
746026
272130
448457
577102
778076
85603
393082
441936
215162
397174
162921
384064
962390
836492
716424
249222
552674
734593
272131
936076
26228
822548
834778
361520
989021
459161
445802
831503
846048
80068
408721
40377
148717
163805
404324
542759
85115
182597
208682
752769
270630
386531
775387
51907
769527
206753
564447
844843
640557
957474
836427
417459
249424
368685
316094
424434
602473
158902
650925
701203
225864
941550
895236
689265
422476
873134
499949
372508
449099
119370
256308
324769
860359
142689
280542
636779
339555
510622
291477
198428
873004
258959
874762
619949
42825
482004
884921
553580
586350
558122
952452
35410
399577
388989
828268
938708
89698
530790
132218
456515
370883
55762
232282
713797
662928
438283
267909
6292
561846
863091
297375
356190
843843
20735
903937
831433
555044
542883
224158
553200
150990
446720
329880
428556
302920
641659
136354
544474
541056
384808
172256
681009
968168
200636
721198
447317
375508
705516
997269
153961
963722
302688
466248
939333
223822
186168
233808
874046
647262
558111
150475
451155
546579
813134
150092
335833
590890
664515
565603
536617
338276
173109
293186
498081
309975
818786
838226
473309
134129
131618
544728
475960
872817
268228
784068
399619
33847
834124
412111
413025
329653
956515
657212
402652
773333
337277
528602
44405
832462
245202
624731
360592
172761
846213
853963
665821
424475
579568
624563
739289
713402
811
99050
973442
68038
45467
814756
32584
668180
72453
803680
680646
72410
632039
475201
112399
520292
142169
915300
209929
5088
923276
93872
258835
896435
195853
659641
153624
600443
83125
218768
932659
910889
849782
728582
239294
580453
761153
170556
311520
144362
379627
413603
203263
355043
522264
121817
497725
59883
522081
46261
417664
422829
595757
51357
577968
394810
50931
57702
27526
720491
835783
311801
685875
1525
829092
107047
960423
401476
853077
912452
754250
340885
136871
501858
866692
302989
609860
98312
510107
873330
155144
92372
507839
46210
429486
820753
534256
29767
367346
920130
348498
904456
285638
178421
635104
25815
83620
8736
386479
122440
659858
710796
960605
299094
68481
144880
698681
585897
464376
665061
716069
25122
221540
836529
788823
16893
730978
464427
681337
944394
996587
349063
649194
98862
975978
41516
705149
342113
761886
709718
700181
72565
970777
383010
905586
736156
832126
124246
554212
512356
706610
440650
226504
482402
810888
575908
763435
273423
247673
942739
381088
198456
184268
650009
554010
812646
919458
675135
888595
53147
327863
432128
724708
529641
870596
921619
985429
33090
820525
616418
75657
71821
514842
460453
661377
135153
917635
859424
758596
569315
87306
47636
70173
352548
976301
408488
409403
388575
936898
751273
978049
605739
181800
736707
305998
427522
159343
132257
939802
954989
795637
855011
337325
406129
590042
442795
97763
780292
6076
118633
891149
363313
311540
576144
612843
137361
648330
998836
86947
349120
551222
830408
23202
424766
286715
890217
76656
131935
959199
10212
87946
16817
402052
44646
367935
688325
674500
189043
368673
408692
550253
553318
221301
62790
931509
418912
665193
387386
32755
242852
395534
120864
106789
929077
766520
644059
904588
415767
116130
305569
512425
128449
427966
845884
444881
6950
990457
372169
974902
50793
689236
435385
881493
686739
363704
244888
35479
650967
836550
572635
340418
707688
993419
178530
596075
534651
827371
722651
891191
726550
698560
330051
101540
730681
165854
84150
797764
615779
471153
964573
229515
995437
220714
140262
254436
145364
981463
909600
825157
125488
192982
134531
668526
415584
106426
642661
531326
820639
703964
991934
808268
424707
396370
138186
95594
441265
516587
991666
506469
237211
235707
713350
505520
681296
285712
767465
979780
368657
287531
564108
749302
952878
694817
467383
700318
298748
681802
493949
874218
582137
921124
787705
848103
879301
646227
563880
174922
585868
504877
100994
3819
646220
207979
137967
953557
635952
510187
308985
397846
27648
226910
418908
559136
713629
701486
668432
845336
33942
930936
871468
302421
363282
76994
894332
37890
481283
101671
605902
39199
848679
891832
22268
407041
229837
910494
790515
389675
318742
604131
26164
548219
254470
582804
50715
776700
464700
763573
112787
744137
481364
117175
799126
166135
764228
609918
669598
296115
898432
486463
644313
562046
394677
83669
785067
921770
821497
206471
792048
854004
992261
412730
250802
27470
345932
99837
982746
682224
292961
439319
100781
510859
602266
397085
647479
776534
911322
167425
469263
103801
802050
559056
211150
275344
558777
781359
63872
966786
575935
797990
550677
859598
850280
773525
320304
113711
384808
543973
867154
831233
73129
129136
335008
410296
931962
49785
990115
696482
59569
665945
542473
554537
549026
830209
47401
954327
3671
789106
151435
404836
766287
633934
381755
150498
64658
716253
505211
890689
848284
663139
63701
212023
440586
138169
62773
191366
577063
838862
431904
135487
138521
220522
500256
32599
724357
58748
169838
165543
541389
292007
172153
162751
668967
202723
447210
45292
203374
520574
146505
693437
595504
965865
673124
742708
813209
351636
880863
132519
874988
232329
351412
217220
742460
51314
401790
757174
87858
340049
270572
846413
705812
929561
161030
416887
108654
249667
373514
652493
636044
913070
361077
303200
139787
21939
314969
161654
93890
536645
463184
252778
516738
917628
205545
568708
706668
727572
403220
713410
43560
986471
401045
245254
42486
870354
530162
361483
490998
915867
201509
610280
752747
110286
704799
293259
609072
625925
673899
695568
85727
529037
605134
195711
62475
721336
621302
579285
648445
23840
258559
201893
824065
433186
893869
460196
988729
315989
469704
506267
86774
937221
487818
36815
294194
371333
485264
656594
578896
393058
587652
255226
402611
206364
173268
474348
130051
645141
75695
609244
394737
427561
642034
341341
434846
993551
580030
200052
811084
763224
229784
526697
797365
815524
341055
936147
130650
707609
861534
331217
662522
544956
622368
834745
926047
87538
587164
993609
490996
405861
658011
136880
643520
537764
719207
390603
45101
557775
943235
1406
609183
326526
623556
944404
238369
282471
875097
135447
688856
299613
183460
46037
674192
560948
156493
312500
387405
725773
989606
131178
556428
869093
316775
336217
482091
990421
370472
14301
852362
386824
864200
577070
621034
423385
290233
355798
318577
265559
283430
184103
478611
14177
3934
705792
626943
175050
935005
724541
184514
608462
437993
645397
304753
312061
532294
184579
620648
256981
184371
763441
102892
37300
459806
213370
421940
165263
689266
299845
527861
372386
149521
189939
128609
815292
784971
450347
199470
561608
16846
685262
251483
935115
399026
347400
727379
661405
889756
614868
230257
726072
485944
372851
596221
311471
252819
873661
827583
386274
222060
716295
121799
281281
87152
6707
907950
96924
636669
370573
238037
794091
27650
419570
430769
73122
293318
956545
833716
879687
756971
883555
632251
846358
525704
44381
690328
896124
788722
97188
909777
620941
27580
576259
552938
35196
970824
894562
520353
286100
463437
509716
668202
667460
430372
409370
922028
493975
648290
225046
776089
962753
214561
593688
332543
819397
332826
440328
906364
77278
335352
903773
402262
79041
647602
148048
613414
752176
557539
345806
832449
636504
169574
330055
261348
988866
58313
462569
693497
81367
65147
119855
407087
565951
818910
317981
4634
221745
233932
296393
595248
528406
968460
778384
801529
35687
86918
245377
404143
428105
975292
21412
930333
443649
717258
273917
541500
789352
745840
573410
749647
679835
393686
311032
316306
317847
307218
321917
920439
446658
640677
455754
903273
621422
196799
541859
727529
622647
743949
489118
366125
25115
268151
387514
105201
147184
874200
658058
243913
169028
220595
455506
851874
869463
390435
16755
679504
516759
931501
582465
599839
316526
820560
865799
960731
67070
78948
529324
877443
489111
398567
365182
196687
425832
358521
471570
223316
245325
748538
80961
400161
6863
937749
330742
161682
54587
331567
303847
54760
13909
490803
259811
490997
252028
737397
789734
522213
353344
178066
315498
200569
823925
92186
474520
559863
723587
885330
277244
179141
768430
414321
353103
689907
324836
952384
795150
985809
202111
690931
592879
490859
775033
788090
531141
95086
810745
471527
882442
937115
97070
174544
152600
140643
167662
775592
382940
824867
657364
11010
656548
200015
32730
545968
739179
352173
314824
200195
730982
643409
522735
185691
434628
943062
39155
489015
711015
720988
917773
760999
345826
65665
845185
241466
954613
738268
205682
628354
435556
183080
294931
446346
118474
514331
98341
824062
894428
947491
911260
151824
50809
25011
338098
130487
781883
77398
638685
214274
112184
980910
621412
624305
413730
144224
794215
978765
903440
569106
609944
322043
551980
673624
52260
398596
400113
197580
35395
526781
254511
137265
401435
310283
242966
657919
998709
315410
296932
155116
341734
611829
814981
620742
499996
813477
383963
762981
980080
344662
946291
604566
879471
571550
507734
382913
237494
424508
280806
13916
703914
664882
746310
430868
64117
38611
740948
504368
390357
631411
160801
684421
294143
825288
493427
999393
980882
652968
47294
710976
37976
919941
648987
945507
937331
994299
63664
742929
793416
733359
859715
624413
822572
437839
33866
634564
933987
305459
743514
143228
932404
254081
350465
943857
622197
96779
682519
174174
236425
530372
188026
790688
436902
134488
414809
789057
126209
633229
734140
888215
338975
801998
355215
578010
907454
27475
757947
378448
550991
492941
92811
676744
324857
448630
933133
182395
953141
145276
673624
882910
44046
607046
518134
488456
345518
549128
189851
731608
509383
989037
681434
790818
104181
771275
725545
677863
647103
728038
294236
558831
395248
6959
711162
668987
111930
716434
72585
475716
672158
533510
942761
323781
736787
715972
109781
702571
578690
48274
189092
247877
503054
939195
89765
742356
122054
444076
552746
612348
515026
694893
87977
314786
997768
494510
593059
112073
747686
287579
667617
94353
793184
274352
35969
166683
383060
736496
916870
638003
167490
801003
202980
298574
663004
42847
422092
612979
546030
304376
296187
62150
943558
992846
381910
811387
860075
992047
539292
318531
645400
189230
20462
228857
307038
126803
651763
791692
628311
565806
88392
851517
134892
545479
1852
775887
696118
563291
682938
967278
703825
934147
48994
816925
956971
335067
64918
744393
247497
965375
99480
20728
413457
198055
575705
402455
336744
986119
886679
254813
684478
483016
508320
14616
916147
148074
911813
766463
160840
107701
85548
902402
394761
67886
184080
343822
39065
541446
451379
432771
345563
544785
813268
665717
871507
917470
417982
825695
561661
887621
996399
794436
836870
568268
314521
635194
622231
858220
649188
878319
741776
135912
776066
674710
793078
531847
864161
131097
925514
596446
865170
971811
748231
247778
121371
107123
362571
752949
906765
424460
471681
808143
618847
489481
236008
454195
549213
53197
14434
61119
90371
764830
114302
283096
787961
524324
699830
341959
296022
819830
9173
971072
531544
655061
704719
831471
639607
125473
221661
254070
708855
998959
128150
144772
233611
196252
610672
318412
488329
270144
889912
700454
181234
844106
883440
89240
997526
506610
398945
490015
968816
259166
503327
373529
517783
202818
397894
750386
395488
76388
215499
684564
966997
538830
292551
482750
489553
950494
866960
581339
432651
961513
5534
949144
171706
706297
998579
223478
818664
726600
492829
145844
929736
781738
452203
899758
409860
911807
371877
836606
254807
472752
308407
222904
853824
131352
114039
271367
674752
973806
769714
343654
688126
187064
501615
65580
419700
636728
531666
756259
275269
182625
796593
34226
384746
166147
852643
175789
846587
218694
618741
177980
338127
513553
816783
928191
487375
145688
611574
751015
475011
493844
871199
599227
144022
197569
954112
57532
722274
10577
347022
882853
418311
429945
983995
523746
618887
34149
340610
913203
261322
611025
21171
832655
721830
764080
545121
604709
840479
671879
331852
20348
352548
119113
805902
210335
107377
739242
774169
828345
67870
550983
330373
847896
982217
377252
911355
91102
603432
91722
803420
328857
866455
127731
303679
19461
3842
944451
267787
178043
799093
937352
545198
327352
83243
252857
951754
290619
899008
509161
436611
489058
836002
258287
101871
733356
413339
453930
946258
236405
585496
239785
377484
140490
565322
543315
283447
90915
315193
752088
784755
766823
949773
701553
786549
62370
831339
550757
429071
140866
67716
466954
236138
174892
832362
954661
309028
608958
19981
957977
577364
43021
103930
926035
28823
688305
173403
688796
752492
752624
302405
738792
204016
857308
404825
814438
773222
900267
557439
651504
970271
433241
613391
433101
931717
822888
795651
981562
999117
650006
840012
990875
715871
510151
342495
780525
209166
101019
577419
58322
497923
212032
480251
996007
236694
577792
552094
464954
161437
594987
40695
527752
125499
47505
617401
881240
354490
501108
876922
826755
757958
670933
553049
574764
26945
81861
412387
514535
840177
371993
657139
896759
94088
560359
146252
172875
130815
26531
360845
648876
769553
170279
556190
221545
569927
830703
203615
855460
982577
188268
529009
864234
764516
6569
718230
571891
766824
338565
304248
486939
937164
104842
722758
689893
607710
623204
238168
335292
21751
831355
230243
179511
612038
287091
735377
719503
746631
698602
869910
23646
428036
256892
260939
431615
928802
455814
455953
336432
258782
960887
973640
737671
615303
210821
266722
824016
230268
492273
402810
339667
119568
461732
971769
157104
925669
543667
249576
337941
566529
530576
711457
563454
423166
610280
734488
31002
895349
709029
350273
495903
230742
879033
850622
840801
585648
395806
529955
506094
19539
462153
773197
675437
955979
610856
375627
719532
587839
241286
775653
71307
13642
154707
247234
829838
967799
248506
378582
618371
333614
585362
407323
551251
540964
564762
504132
232344
958236
660333
967905
683685
815749
515698
541615
797853
661700
868098
465097
747447
169744
360227
301644
763970
363040
487482
360589
694322
26181
199867
567631
288658
181882
879028
62709
315552
579004
185220
863465
287110
264993
837121
143213
418936
687238
563430
581885
854473
479522
837131
201990
18971
85059
688733
897694
684514
41036
357003
52332
976949
251242
91241
783259
765923
911303
188359
229476
559822
475575
561988
106910
230911
703963
638603
416483
384495
999720
448338
245253
84835
937969
217228
534273
29666
532427
906019
754786
256796
115422
301608
122443
811794
163630
326457
235413
210333
901663
717787
787212
89397
376100
430980
191129
250078
294274
130035
255107
758431
943220
475301
596257
234658
944426
472458
303235
662451
71039
146767
344240
346378
608062
127611
346524
7710
376359
507818
599990
363208
226278
913410
658500
174533
135327
428438
74495
788800
611723
782678
275819
90592
901015
744851
990191
591947
578921
418385
399636
885562
423775
937907
38380
45631
634592
358575
367744
704227
796684
836420
999219
847383
163387
60917
883476
61605
356851
122382
866300
86093
291975
549780
68418
401177
983890
420373
819985
729612
998297
564480
422175
42852
833370
332220
396697
152056
272770
58863
343897
900366
467744
823374
141740
44341
854327
386169
859618
475797
949131
732434
620845
823688
745982
827953
753412
833983
979247
79142
815648
856714
818821
624264
809261
425643
560640
751867
973067
762599
107112
674317
330243
631558
209418
584934
956738
250314
718861
760431
107031
60110
895036
589713
709
855579
905568
374284
56997
809010
194715
582925
689040
12663
174185
81092
64783
528953
691808
389790
288930
311161
575083
967358
627629
724969
507869
967286
669578
758348
810866
150070
203497
112465
557511
340189
663095
19715
680581
9352
277387
237062
118130
305480
85761
201521
400069
366314
245149
48602
715781
839331
301870
759412
561884
601519
686058
710566
810974
531080
685890
748259
523690
289420
192745
153900
502034
567116
759250
797288
324349
558031
235796
720827
359988
517663
948011
858099
625971
69208
132260
552548
951328
959623
713670
421984
236172
554685
883323
780426
804322
1308
278565
892375
700348
587496
341784
43031
153271
295423
783269
118107
709927
709113
19310
79831
825788
958124
912511
437350
665885
735306
187032
17264
768231
828218
548260
916910
523133
534487
558199
65916
813166
146688
900212
144236
245064
116938
280153
154467
362816
358649
117861
546459
573764
162784
164726
206604
2965
920784
419064
825644
563773
11253
906139
352149
791124
940297
800007
398001
670381
843019
750706
538263
670335
507897
68270
704237
490104
366877
390756
447076
385651
383108
809398
964915
434490
128393
908081
530888
332599
23153
782297
548435
395398
649137
875159
277386
307086
894059
195893
167868
296875
86458
467734
305910
114568
411940
321659
450837
790219
67089
812436
647016
859840
386865
288908
732862
303871
703305
80358
686131
827965
424153
53478
84528
799885
750867
881003
403087
531725
693928
621866
618681
575518
595534
751607
647474
390807
950123
423989
31265
510391
402086
595707
723510
588592
798255
57481
86449
855293
816030
593399
608000
572443
652686
610142
55504
392127
714941
758081
961261
402305
700422
426682
939132
443891
731489
676327
300235
7589
235278
75389
489161
355445
501104
65584
117679
391434
845501
647922
935942
68017
656451
981752
575039
532096
53549
755464
579078
149679
751344
505401
189641
89004
448611
72980
769594
596294
937731
533364
342680
632357
613507
759472
658114
355571
886372
528538
155944
68231
500924
469477
698782
678313
932140
324597
557262
265176
420690
906598
133280
260365
60333
295673
145515
365662
849465
189276
24259
815325
943077
563121
984130
625340
794453
646609
164905
298672
215780
298309
916372
943767
737710
593501
567207
667271
181450
361786
598412
573368
621556
827509
676915
875774
912138
815856
612780
805647
163891
139923
713062
252303
916085
754139
658385
577841
249713
589638
206676
564009
357641
554484
947596
153619
65141
610264
23609
927412
259480
863930
948303
680398
595231
647322
883855
475996
256961
148031
491434
918350
495930
866959
739313
172133
519378
222869
766720
415258
19284
330946
646585
336531
679950
536862
905874
498371
113258
636814
136505
333507
547245
664165
219509
319481
722765
714082
824764
653053
200845
158877
996251
641492
363249
551240
749053
211657
507526
487244
430828
397602
515249
549945
769508
894748
243808
13352
354405
593467
901030
897168
648066
495946
909754
599239
783140
640941
379621
702015
250643
17515
624837
121880
763211
754252
43236
197382
315497
700213
31611
864959
898824
711874
61773
536162
536725
391059
864624
513061
122558
297169
856400
379925
709879
207625
468929
88844
748165
646442
690533
510546
219390
759264
667275
311768
880694
817130
889111
706289
112453
228699
978095
383446
668615
874070
457937
86005
370108
230176
881220
847416
627755
992714
73449
60209
823782
488402
625638
453963
782542
891590
717833
648856
727825
858119
565292
741605
488111
623562
299052
745282
58879
530406
459176
410582
131773
943363
786178
654147
871574
361325
476680
597334
308649
976
747449
430597
791301
259474
966765
544145
871660
386267
735853
433125
344263
167782
70113
572250
859885
638234
139443
462145
990458
874923
797843
938427
51160
346710
290669
868869
870328
609430
206774
987105
157593
89296
82250
342379
337854
398258
740782
348734
497495
616538
954081
924322
389144
62850
199775
741361
933348
312381
459146
522384
721328
234522
697373
570629
448228
489742
965330
216755
324598
83480
229506
195955
108480
147247
994275
350147
786196
326267
111257
367605
58526
843601
899997
210641
352657
502989
169611
632686
168334
124448
677276
774144
274086
681498
747756
619248
570395
436688
318954
940384
349678
690696
620583
590873
614937
208730
618412
235072
122752
697885
384783
554779
628085
562342
743541
446712
589191
446677
344579
556208
508890
695896
247058
932213
878132
675221
716725
865628
863834
866942
32400
13939
174513
414123
821761
273216
677549
162404
47277
526315
929000
311706
489294
618339
606196
970120
188670
977979
493623
294572
512989
81827
927791
226087
603092
207128
924612
76622
499921
389507
39819
774456
186222
940254
971896
111098
190714
98954
481614
854393
592908
94968
21417
897213
561368
144818
970088
552622
841987
730073
667453
353553
963993
927463
634390
663974
231795
803916
646529
8656
44466
88024
591367
360699
537636
880474
336597
436280
535454
870766
25237
53009
278579
864057
326980
139657
164599
798209
360252
518488
158566
689730
820407
730114
547056
222942
195472
138632
271201
710361
220890
419375
30377
317782
738400
159355
827008
724633
952732
975639
303961
172987
598505
852956
732617
920598
197726
885291
988309
216396
215264
194776
261176
786143
942790
819242
569130
51893
406846
554806
906379
375626
449048
287630
918914
240767
675933
320948
137670
719700
900677
333243
863496
776474
814453
957222
10890
255178
744446
658766
966137
122840
896048
846189
4968
246165
330811
333334
725661
497209
372610
151909
794798
586558
355635
383150
773900
102193
808988
301059
14412
107058
326828
934980
295141
987108
248360
999159
114838
461874
972781
852000
678034
834633
808031
521204
517272
602263
707143
6949
268384
141589
135653
66774
287520
798542
69058
408218
382118
891263
799397
986704
310857
368361
509748
948904
118608
955454
166702
62129
796368
425625
692341
42345
396859
730187
628751
326839
545023
572257
899017
194850
922808
375795
741871
796006
631420
851934
147433
8681
704967
800729
300104
425819
723076
388404
266557
757477
865098
937211
722922
347715
190464
151883
501510
352996
313853
694954
497646
497268
951019
633716
907375
137122
525459
573876
267764
581686
822388
446534
612528
731192
394243
833437
997410
943087
747000
984490
10637
912528
436747
118290
318708
357417
838704
661549
791924
691465
407761
620756
635156
19620
968738
415868
895034
687527
43317
231663
82894
413367
193353
549227
847671
309848
821291
57708
875235
569166
523414
974288
484729
163348
122176
95650
445448
627469
682464
571749
518714
490960
352221
672830
432421
875737
268536
498719
645668
988949
809340
197995
238935
724676
713319
396417
456031
531731
222932
554484
510633
389731
6916
491709
966951
912432
472310
872150
580347
580331
835683
866138
558612
107571
197923
159975
943530
998576
534023
78650
506098
349246
309679
923670
692509
844122
783540
857579
968872
990767
55310
607080
791030
881625
502461
964251
668035
969559
492896
868955
526865
841882
917377
461957
27231
475091
347516
574878
67145
550903
371840
524611
284535
739277
548816
644543
364000
663876
762043
984176
932843
819954
581801
729380
157127
685922
791040
400948
804315
620603
164451
171522
562448
349545
492933
270775
393336
570797
945869
47915
206127
344813
925324
7801
584185
61375
27720
381498
49761
108995
656390
69024
985354
977296
192546
419962
63579
125716
175679
299395
647468
214295
656227
462728
310402
653202
260845
464779
260226
822952
463947
983703
521099
686767
769910
275260
468047
986175
929406
50848
123710
925204
808794
171791
351364
251288
383651
795107
103390
176988
646263
659588
125262
5322
968706
86858
523022
222130
383204
869576
796441
531550
940681
24281
883288
59995
602792
207894
836521
638484
871497
772791
954736
807989
504247
365651
111732
381432
818920
200224
593022
852364
210241
359363
911035
634397
640954
245697
818410
375423
803707
531641
125467
668783
199044
383696
448331
93848
638061
781993
40179
509417
449469
573112
102689
926013
525003
966667
981229
243631
905427
710107
190899
328184
72616
996904
158564
243691
164827
882059
819877
192057
454073
841352
394090
354393
537460
37307
106101
679305
807378
460793
880952
895956
119834
556779
168425
749687
360758
334362
60201
837922
538
417412
480605
324496
593778
476258
79772
386029
267295
809729
19301
460493
941586
800152
953669
60242
501820
300101
799048
688115
99529
267738
30618
654335
762001
767791
191782
919403
598994
238479
312385
786494
540464
114515
798504
20087
598913
988228
280860
10510
361173
823538
977880
60591
99214
799075
601561
401673
137915
859767
816401
431970
531266
460950
3018
47125
13128
266447
521886
550111
325080
20569
684124
138303
558418
518851
695222
109783
896746
294249
959219
711637
646651
531405
853094
808909
733207
810017
41104
661735
926533
32788
466416
555274
428924
462354
182511
949551
521629
608464
413263
388365
296162
941353
907524
870994
874282
140783
684323
644021
560101
419825
908555
787358
732974
154139
530364
983721
138719
726790
812846
987965
262180
262755
711713
555829
335551
879679
893350
11055
45433
410982
621956
692752
290181
784973
389940
792622
655370
753129
989276
595882
626559
312368
241065
221067
669463
843569
240823
269542
183830
780810
362448
895928
496905
681307
262425
681777
639987
198270
517053
249164
175235
970825
121953
619982
916451
253661
704399
30949
938659
557022
270884
53727
756359
95689
757672
449994
915316
656445
674951
236799
898396
722146
911537
431005
916858
204014
428976
713692
574695
28788
839947
360767
270749
99036
86103
433016
81079
319822
63465
86787
287536
455481
753182
840409
949163
961211
425860
811968
56391
716542
255444
465482
531005
950618
570662
330034
429461
379934
694703
573964
443711
729727
403706
689271
74495
275053
693776
850407
418173
202322
836474
47950
562691
251428
668547
422983
581728
679430
550653
246895
239298
147683
341747
252078
288075
818480
112973
758148
150680
275154
826453
836859
661860
66519
294760
23847
902299
782749
60317
24563
183828
236313
837804
890739
494211
261195
342113
812238
514744
716882
446327
133574
995045
207985
944015
136636
302080
103455
66147
603220
439350
110615
807221
100751
306236
922746
491008
831896
982157
925209
163066
472209
349820
492947
541647
783743
673282
592838
579949
847921
920295
971736
526129
729746
797568
738802
131349
968988
773460
801350
8400
47629
175469
761035
217140
393381
844197
436312
931293
267902
735090
40733
965711
452652
370509
41809
740393
154026
448386
633717
280801
643097
612071
762942
130076
757371
198294
969632
253574
303999
490533
541728
583192
790841
897041
926237
9348
949810
261291
214594
46159
485377
614350
850777
72796
879201
442841
98868
961576
264541
298704
943068
979929
149484
498942
223019
370888
835283
562178
537740
855727
601891
454410
769197
469995
309526
290009
260128
815848
977416
703590
741786
841934
963508
312541
192091
208390
409171
916385
209158
143351
647259
371855
819810
183436
75226
775560
752391
56364
497872
987326
191717
978853
508713
721183
837110
467838
759301
126084
900538
130609
511726
628239
709589
774605
419136
365505
448687
396410
357548
430294
67591
258274
17952
951350
288496
58309
687817
225375
16834
626548
503219
540156
954877
252518
372029
462861
950007
649279
568648
12757
465817
55256
511718
554634
646596
726954
761871
638894
116074
799082
959716
309973
428040
657009
91226
26013
168746
522195
606916
961966
155858
567549
643681
113823
902405
463835
150331
320258
566372
975935
765184
401316
585915
640008
812551
135251
390250
26836
413526
222297
405633
417941
671939
483211
850940
656322
442302
53890
892103
312542
855103
601281
21226
624210
830397
104107
201393
258843
928520
404795
920626
683220
732683
845979
416418
784012
780848
449659
235817
816713
75769
851332
938791
134077
92631
239629
886453
295792
965148
419203
886310
817117
637144
329317
400464
656962
325391
514843
850067
18622
534641
504260
858426
823578
363387
767849
565795
474696
163492
15693
492593
612307
203880
902722
504691
802711
100026
675422
231680
32487
61754
192937
256169
623187
655268
20157
642126
994831
388665
57975
536631
427356
296267
249434
739689
757062
161893
719209
870700
234976
425867
785505
424374
772302
94714
306593
129324
332315
48008
706800
314068
994536
346837
726755
265495
995684
655580
465775
492424
982219
789270
977908
468695
773521
412689
710446
938075
489125
783060
242404
493702
663704
549408
292860
274292
342120
295862
357043
530837
240105
972522
397822
351279
138499
991245
577154
428333
641661
72405
753184
154913
920076
827288
247532
174889
100472
528730
658701
823099
27404
547206
371898
10630
507149
76717
73412
806825
140161
440569
101686
14605
629262
223941
506362
553041
999949
624479
69995
490961
297205
779867
943578
992193
93363
640455
547200
882678
922431
105740
750589
677961
490489
742699
506792
700663
741696
484332
907537
286829
11455
508093
69233
371254
337008
481816
912635
943356
600703
346993
634390
880166
583281
234487
899391
551961
32243
344054
815083
863161
218825
751443
456153
463579
931890
692076
166774
65489
369621
693362
388802
613912
535081
193509
985321
135504
562259
549913
298791
983685
712966
336909
364685
974887
845830
621972
878192
647782
90387
372916
7626
660358
738082
410881
714121
533869
330598
847048
538261
286046
523626
89320
649875
127938
80462
80308
534483
856725
4258
761134
195364
907906
448973
705630
881164
911346
481756
385205
2925
62853
60377
739573
436785
387788
870124
867698
928295
947493
224721
511531
876689
83699
71588
912168
829025
625866
456220
896136
611236
325478
455490
94797
69993
300755
568764
782259
163521
819201
563944
55518
471341
51843
197750
535029
326830
149166
843672
931001
710712
70296
698358
188784
829625
665498
53090
345924
862307
920261
73717
634174
63296
36063
868787
160156
568441
844516
890285
204754
251004
713107
666618
988452
430147
711724
20064
789995
856515
735447
819066
33620
971968
17693
431921
346133
714458
921355
691182
27250
577437
565921
114456
20648
458907
759263
297453
862532
587176
732827
91233
661507
59211
476022
515970
554174
997869
553679
689302
350300
500921
956083
484895
378490
601151
500193
378860
21193
856692
231044
202036
288898
797738
545470
515834
436960
908521
908891
162152
294423
604252
202690
547013
854
168142
329605
51779
634056
735661
505782
714499
22433
103482
203714
985954
493147
768414
948572
844481
114572
14993
492552
836490
87970
276919
722927
17818
721662
398990
555208
154852
483134
598881
739664
496185
744717
241189
16349
598496
155631
748664
184016
853900
551310
309483
121428
760312
864189
317118
902745
409240
492856
268953
621346
27188
692204
38430
454441
776781
501036
649928
265442
505149
128603
529682
263205
979901
366570
984688
122670
538520
961399
933630
911273
471586
892838
945979
427985
459471
401744
293436
368261
274695
634669
537673
219238
102015
614257
660926
59691
216973
369940
789692
192710
486262
600920
894432
347315
447158
407581
245591
71869
847262
56996
790084
942713
376931
663514
449881
244742
556889
378039
436842
293480
736293
313500
73121
182997
412236
167762
931171
299908
860297
146339
496785
192096
459059
182793
946914
536918
790055
298890
845480
310995
505544
205846
441725
101654
125470
380724
436057
801169
523648
17192
688031
684919
548451
99823
375426
123385
307712
133095
977618
443747
190753
840266
211446
896124
861844
976621
315935
530263
878180
96595
231231
290406
414804
717240
23747
600367
778339
966415
482759
444900
551341
396542
26697
415356
594694
742165
39190
624712
112897
546442
833118
163035
2288
92416
865514
602698
14054
335653
808554
65105
504505
221539
801393
114265
960649
449701
403505
186511
175879
31292
236800
313694
942573
339808
906967
953179
58121
424362
208308
403904
721374
794519
7195
280912
103196
980096
149836
186791
76947
153443
569168
300122
516014
487944
504011
114255
408870
851332
394917
496875
716537
496080
796928
697972
663190
669908
439101
974706
248583
308047
583845
958875
786414
953793
536401
603121
179793
210542
833088
876708
914387
405589
544707
506904
82303
806142
330709
97147
936537
666339
614428
747210
635437
323195
913769
591013
207771
686095
750015
61488
829794
451439
420463
169225
545513
387079
87013
592567
782188
604039
627582
215539
746702
23006
723882
564474
755360
506709
469463
198407
746051
534687
459500
997618
768309
203558
281861
822389
849482
104039
355722
333797
428697
897156
463885
657369
238108
716913
835825
918954
547088
587126
981236
344988
536866
859214
993888
872158
621314
808797
234826
192702
117053
670860
207908
832852
44687
687997
590725
994556
469463
999745
661794
853457
550233
278386
33729
249020
894623
108806
882713
916200
923978
837303
66526
905515
518383
675327
919718
907354
478590
282057
984096
596561
71614
185495
222888
848025
556090
749757
837855
257484
329962
537875
989339
196109
239490
840905
975997
242982
640747
733494
752880
602687
612247
556813
736958
381010
548956
88211
465030
894487
502975
39620
962130
352569
451687
897351
776737
670652
427824
13860
323430
179428
985225
242934
913950
202477
613875
582758
592140
611061
691572
129895
678703
996331
750651
531296
979474
79107
132897
613417
911963
720538
122781
97731
22877
537223
64478
992010
686871
499356
772059
918991
841809
795210
260859
926285
814294
228519
594342
852479
750004
996931
558611
172067
240610
444560
406146
296672
583450
679052
851034
18062
684461
591390
406690
437983
771852
36855
725886
828204
363063
586154
492242
634305
637337
143734
527955
874122
112169
389963
146157
289191
970990
434801
780054
85172
245665
281035
974984
735781
40065
92872
778564
132477
337982
220253
975817
318853
971020
269239
850260
927707
926558
690475
691313
93155
823659
610664
273883
860637
928686
253260
69868
472240
299742
669705
41869
89388
579006
248966
578159
438918
227771
285549
667313
91677
11934
596502
607352
382181
549433
872847
37113
647271
384417
844876
490484
23050
756934
428163
34501
780718
186735
558361
900199
602462
336791
238981
890138
494944
502230
684254
208251
971238
460063
707211
930778
553493
364275
139529
475498
655668
253367
113036
30718
336666
951553
709111
692624
721987
19286
685784
795350
782077
732387
763422
354154
680380
5190
743240
409759
999426
56971
330974
474279
17751
708347
235998
985984
861400
735239
562971
976294
641121
608188
644025
657817
952251
870854
842379
116242
970731
344523
21474
326379
236910
539485
826053
679439
98881
918526
967222
898999
865375
510583
29302
756539
850496
650516
338453
602538
88904
517562
914595
319431
26271
160008
357931
834924
207738
573991
812382
847831
660385
856682
641321
183056
754410
256570
144428
644249
65813
972062
558126
268658
212040
965151
624821
283912
301360
588523
161486
841681
315637
555392
774819
316396
703959
707860
266858
693823
310976
989529
77297
442917
461368
803976
20477
752693
907027
581336
987225
918972
494675
322812
122714
264697
890978
357396
51726
369010
837432
246812
687214
841257
616914
481434
519578
117203
606173
715747
67553
530288
243429
340295
227297
289133
750661
890634
483852
258041
534683
316565
511154
320027
402528
440265
572244
933872
347834
723984
361323
812767
657615
219213
114595
240305
546016
767613
757669
567356
66663
285829
675271
189286
228716
449317
777254
453877
138103
482040
713422
66427
999607
206408
699032
194575
190181
251699
195697
154123
76369
642089
692824
29140
409732
291587
472584
756085
483941
88597
247561
63094
893726
589014
717795
952600
970512
182953
128016
958039
424407
980414
565409
223931
474664
243461
737580
874679
278051
59497
270336
569179
540700
690393
264876
192213
472872
334007
710702
987567
963073
971561
508463
371265
906130
387873
432203
48199
472490
496607
738774
899589
135700
371612
476124
898878
375131
263212
915849
965407
512451
203293
971089
46809
186867
310495
877121
731075
519088
212523
458253
327628
300437
385765
23790
707166
947687
356126
882374
804305
234823
981606
986761
433955
283813
27457
161849
329443
458780
39304
105713
137462
113224
53840
426598
349003
443806
136558
985914
892783
671641
938803
123636
43561
435090
493117
91702
78235
709175
175671
118742
272850
602205
217508
15789
780956
439309
471130
48475
822369
984269
854098
107506
523809
725088
472107
452535
99793
690858
132504
91452
304467
384945
227497
256864
976584
862322
870593
99789
893760
855822
958742
725772
290670
471588
378967
402129
903672
693207
364687
647024
350485
664394
595602
399724
807359
371773
110487
859980
485267
70674
858598
941212
100038
328238
144479
209184
311670
832756
350063
814686
515313
208855
162954
383005
871001
179456
653341
800289
780047
379122
62979
471489
201938
388311
802803
633111
979854
734648
724549
566476
757697
108337
826050
199535
266680
702362
185683
602576
152902
387444
171909
209802
575279
213083
17640
961053
884020
719780
889680
436237
251476
310581
225065
418051
972383
824349
943058
221551
977984
966129
606567
487981
866198
35373
673876
734160
324645
267781
292922
274541
468186
373292
384505
567144
132470
891742
220381
149950
640962
364553
185968
689040
834149
573797
127152
340716
520842
722052
140344
93148
39061
590793
453639
749515
951709
975795
59881
170293
100983
914989
813639
87232
133371
179689
7208
28447
187561
911200
51291
644272
260271
637287
500325
459892
35319
776861
950102
124813
614630
994170
918171
696801
564536
1311
261389
101961
290425
989963
336938
678987
390183
606706
165989
384813
257985
120276
904849
807208
991219
728288
319664
71807
4146
352641
308073
377740
230312
373539
605620
994945
8329
224110
469887
302802
510184
3079
759413
920477
68296
464536
217173
474336
848094
698387
209452
501146
183648
25673
992490
401953
830191
239553
315479
132217
721340
731302
482727
10961
157496
295868
498358
106329
831043
196307
872183
511775
945109
2940
961699
445685
92822
192680
274108
666685
75867
102757
78897
351385
272164
779434
859072
18769
339090
930872
54723
166094
485912
672045
472056
224196
662510
833244
357251
740508
114782
929353
764399
301009
118653
352972
654551
361260
101042
487972
75699
249749
429355
321012
760325
721672
753191
899407
864933
458087
236062
430543
260622
991122
297020
618999
279459
234947
641477
713545
633118
554909
764625
474456
635768
376391
857149
577250
322264
876105
299571
802203
429256
190021
484750
762915
825457
515510
232178
959811
102552
31473
586723
939608
866589
6775
851288
563666
165669
699799
79599
76222
858844
458204
754296
561441
190664
656581
104959
32093
108226
11361
775730
259602
633666
262742
51074
11930
621184
408855
413186
553939
804004
422113
238220
492034
222634
63023
633181
517181
224357
849637
234990
954649
619152
484498
575556
605899
489801
454638
860752
3280
550327
106609
351287
404025
806844
702480
705112
23121
90299
699561
834580
59276
164059
313397
980701
795014
263987
708487
607764
949705
370779
153432
182605
982959
181302
426885
742008
15484
954061
489940
211433
273913
16774
453121
871752
738012
981183
466087
637890
801646
435766
500374
899313
283190
563740
143442
567811
41674
592616
703627
613099
286143
865201
828272
69298
745826
574148
657313
369848
897353
892836
902058
895621
712608
385644
460289
253381
680262
294149
95059
145687
128160
455909
728216
815509
249551
710204
845587
978321
621804
933014
662243
905467
28665
193134
349835
879237
282562
308323
627420
584543
267286
405805
715497
388213
603608
748919
531245
608895
674900
219357
407494
163372
97088
317630
164849
910910
720645
326369
652489
514383
666758
787211
474665
506949
357489
1137
781823
449310
668278
824855
617538
715975
874628
763393
392298
140124
557475
291067
178737
267
861562
41674
662289
461130
530585
307353
971998
602439
945248
761174
884316
261990
243049
764296
865560
91902
261628
215073
514713
918224
890118
27922
90589
450048
484358
351136
383480
103994
500581
607044
583229
830112
142462
861737
643792
994379
932020
949359
714407
469533
868358
351457
862147
168850
48055
502365
414178
268919
317188
357358
538690
456343
629832
469488
647543
279300
237495
921085
605578
608791
244727
34225
176281
61752
362946
811382
211130
139962
949268
818688
772779
23976
576924
254803
60317
693851
33024
378413
637649
557628
24079
455682
64269
825356
87317
514115
977569
371308
769239
866207
951239
398087
907457
26309
735839
508328
491544
451797
544912
983594
661586
348497
753562
128687
399709
497370
516744
670121
712042
161144
196025
278351
992399
223822
677838
926968
701494
952896
307137
43591
287037
52165
38470
707662
877363
867470
858057
257702
516437
656929
334958
256728
924251
884426
961259
796473
163525
865749
520463
872161
869053
225515
64367
812090
162177
977427
726392
479200
867563
227129
770577
293209
996103
72537
203104
769223
808503
968659
107466
160055
96352
472222
154921
763106
153916
319408
241333
718370
224144
244838
99315
921956
320035
734434
657845
314372
559881
947293
503617
895263
253413
593200
72494
901753
464094
914090
842145
808893
712059
767940
878690
144782
668822
524520
126416
671296
921984
912783
448911
218458
809958
707336
52060
942256
558271
659943
407859
184675
185436
859863
463383
770296
666725
548252
288655
147320
249047
558530
251247
397569
682759
508001
897514
355414
908628
269672
397850
373337
501013
955946
755233
925841
862340
912753
844378
971266
182174
601837
896033
321721
591604
889825
917573
764158
804201
99068
307484
165269
583075
220204
598925
631636
657659
582664
239208
286731
463820
517766
829564
723688
198132
709691
623792
276107
392541
847540
35023
10000
223976
837059
446001
110763
112703
970631
898961
945848
261344
652895
820251
742107
801251
788563
278118
606085
332794
897478
904708
216089
409954
596974
882272
9875
497896
330083
418073
697609
66559
676987
677760
685922
78637
684096
497218
193149
390400
363330
72206
208650
180876
227662
576066
590581
71419
36247
302115
100950
562602
822018
933562
564774
96273
174309
669945
414343
149931
462757
113728
785245
93456
434955
528323
576925
455075
505739
407041
42913
830070
57127
793171
626200
382952
31796
446301
730271
142699
275443
412040
443024
355716
510415
359001
209147
495030
87579
813464
277933
489347
968291
296035
313575
857740
701034
409789
311854
680471
960078
402968
177853
522413
704368
752741
278340
988323
748329
103429
272355
593758
641419
514692
466956
387177
10162
377144
973233
395945
26081
320184
281398
146783
63883
766508
823288
383081
477620
54276
899359
939758
827033
719463
889112
993332
237400
407686
769903
984469
250990
585391
12085
716693
615028
741448
400443
473735
459418
105580
740794
68975
594965
975804
536092
832443
30461
532963
106607
224284
147296
998903
754216
899299
223504
971541
590223
451154
33049
148027
267206
344009
804720
865800
996611
184361
636443
673795
653249
690687
970656
179674
759176
646624
928196
944130
730330
903002
333890
270645
957739
3854
962656
756141
532192
32747
813458
150908
805627
177515
446018
513519
879889
926474
251688
526243
866758
319254
326613
48573
417643
301020
94717
868125
226818
205774
824979
6212
100213
29228
531753
95359
767196
560496
254664
847736
751772
453143
236446
731672
738698
529780
439494
623888
172643
420868
833455
420934
412556
680014
624076
20977
749082
38366
367949
940944
701249
593200
679504
817374
497437
665467
588454
662265
20262
241202
182228
191531
183472
896315
344257
852213
607543
415493
71223
164050
556631
95100
557518
17371
500375
42921
517075
718833
139045
434529
184518
746272
229362
487491
582593
228244
913098
612635
85330
249847
371922
503522
746804
410383
823799
307155
252236
284015
529517
825159
205569
372328
985483
278210
881745
924057
425852
177625
723136
857555
205835
354183
79797
562433
254837
201588
682545
489538
277623
714888
707905
34921
484811
812657
561867
460788
600534
649164
299229
916650
771254
185413
66340
189978
609921
119556
210006
205051
922217
273078
958614
718802
90497
95838
511580
755932
549456
28913
99001
644333
607697
468997
845505
346559
775012
65367
975296
492318
303352
67199
660603
771343
343003
441395
278937
81296
886089
481622
556113
953405
135760
494341
178076
930453
701287
426605
159374
933776
31632
69973
889826
916066
244158
171600
519701
664281
358106
79290
165939
961568
379273
631483
463124
552857
190165
719011
829911
88872
924145
23375
142059
440306
752817
291010
161377
942124
648097
266576
331628
150091
800939
950700
8740
969773
459152
699019
899780
11237
185131
331996
612469
220574
711420
344156
877594
276838
144474
876974
966957
120225
927534
776127
79608
508850
73264
952653
320509
190225
221344
203739
957649
609197
902265
396492
678053
290164
490466
399774
940828
553860
652303
463827
530098
160914
949605
556349
58686
495752
162109
726280
221000
15507
632696
564893
300156
762721
616938
67325
355203
336360
769776
966088
844806
265267
507993
788913
564698
55141
120154
307919
749351
151457
934993
880768
296880
827229
273529
669068
163329
814509
83957
283326
239114
511139
486848
302932
545171
247515
285658
897298
328087
370515
953114
15121
172016
613676
475600
209898
252268
757606
96504
662752
366936
712994
829184
384214
663041
339691
392732
684242
879288
987476
473050
335929
750000
720737
827643
388053
455548
696164
754329
25716
553566
651563
801632
409906
542996
672958
790977
431980
686834
965086
184765
875035
942147
486044
368132
171843
861449
925054
108202
623591
8372
309599
335338
248106
594947
963680
101916
521338
610153
112345
654607
889964
192075
334957
995750
867818
578978
260591
142476
635690
581203
39282
815974
210816
160355
405349
541977
568422
732088
341884
821335
270187
441508
557869
225742
233753
837890
653101
536667
989169
962382
243440
369134
382988
963104
759746
433205
833311
163326
756605
968403
491627
778718
761927
172985
335379
434275
415179
249283
369362
627176
508931
330158
886947
892452
67353
418598
114456
733394
748612
817355
608378
319091
527273
24111
375068
362629
103560
572538
258436
793511
812265
581751
806358
902914
497982
340055
21265
916561
703357
349902
887230
892760
286036
98734
320956
997130
169174
653511
406332
511518
451542
515751
442273
71189
828690
902313
755966
427085
940905
680734
449986
761713
361853
770278
628714
534161
966375
41811
544152
259329
144027
519998
610963
572267
316693
366218
855237
970418
833598
844797
188502
105106
508641
147535
940733
425970
907802
495272
439359
399625
819441
789757
599388
419751
154037
139443
652564
313309
893676
967095
852766
556507
626204
741024
618370
737053
738318
17032
748269
839642
98112
851853
139056
351360
387897
972385
358467
617021
303651
222858
441114
996714
888212
697774
429378
826276
488246
649346
803358
217659
683090
925460
541282
869478
16433
865853
658728
119176
56296
580969
704752
673947
12544
284896
771597
422968
298361
425555
167327
409898
52304
255496
498114
85980
136608
155308
747654
559052
616994
758875
159799
828563
782529
295728
280777
688274
779936
859317
881704
361435
310452
444184
986689
651524
957753
505401
56797
171600
70212
681986
315199
800801
353431
398035
903258
106091
985615
439985
487754
22019
546337
566457
88606
653144
133363
967055
191579
968441
60725
315588
721120
779837
904371
735983
59761
393404
312211
215005
904526
839869
30578
49569
529052
484319
589569
744188
464516
102999
774523
45072
774771
138671
950763
321905
374885
205504
40320
775328
792403
834348
620036
424638
275669
881325
423600
313376
336873
740112
393921
111039
70457
998741
984353
288501
481986
226639
690660
156158
563945
943037
531247
409126
378322
975098
45711
432464
372947
317182
992072
220171
727975
71120
870731
654618
114804
549527
794946
123926
561587
488913
603934
66584
378939
582217
873689
910713
599023
167408
614081
670319
628004
73902
219540
657176
650963
293181
897730
104684
996944
383843
733270
421168
526681
550670
836811
152545
835254
730816
901092
412579
394191
879051
151825
285083
796964
922063
876306
993996
525226
541645
775481
700812
497119
16027
73794
157996
512365
797868
961155
794661
520886
381856
514235
916421
69879
604347
119461
105841
856694
184487
613252
540925
400134
175696
986051
896442
421519
80951
738655
865682
728001
756961
431411
551618
826907
17526
67034
466397
725796
330197
44785
804715
500892
511469
385651
234884
131449
433907
701040
258470
203360
588452
78069
428095
238257
733307
124034
126570
28364
946820
903969
557362
297547
465067
721682
500696
788425
676287
503730
410188
565364
333806
929713
300972
46734
80327
605197
875242
361693
252925
181259
447556
527666
261203
251674
751506
596649
77589
415691
139571
599163
996077
140346
108726
217232
115002
496695
504491
667839
886851
735648
969689
896041
933759
48108
526221
698080
457729
156303
983290
993011
697719
275563
406968
355252
158313
673734
994627
671962
626339
640478
163791
282598
261618
521202
939602
36165
655337
532163
515159
587770
589033
58448
262022
316969
31157
913669
654370
825769
175413
821749
441034
821992
269730
976073
495968
583749
705004
510262
563920
453688
201155
497680
830253
660040
114377
526343
121200
665819
168853
857510
768027
650211
34630
54599
368805
219330
266205
634374
762599
213010
557065
373371
265070
399998
180432
172493
641367
202249
941169
625997
294238
584180
353950
715108
170305
284852
560431
700321
33476
839800
581907
482673
665013
764464
188483
396257
569083
478616
249786
741082
940489
373801
129643
112783
331066
740295
747180
550893
356693
30611
379636
719320
636961
491878
100680
347004
541613
915831
650778
985627
471227
63440
366647
611726
381636
937295
159746
543363
688843
771403
182803
318627
194140
28423
999496
372829
158055
881869
54704
895733
249784
247963
487349
656312
564996
527444
187400
232556
323533
817152
587834
259905
358948
7299
101814
489713
231006
268377
136721
339153
670817
764010
793067
605196
77267
669265
950579
948762
884547
526508
104213
885031
947556
25091
768331
541683
495954
571544
223209
944877
130764
542135
377616
365393
301712
597529
795606
446609
812973
622972
635185
593749
789024
797500
740589
656001
433697
541699
910742
768744
349669
76461
838217
491092
486569
817793
377748
353098
697400
279255
482210
304044
735140
664644
586771
583052
574322
162663
463845
201129
499414
785711
346881
16097
532018
602186
681743
265300
201604
181386
348565
144665
929929
560288
54181
117154
546744
393240
669061
886641
91583
153530
309980
188243
420504
625417
809146
937258
469471
847432
463435
215908
923312
718393
623848
809095
929796
652782
415943
140940
793397
423853
56239
149419
350194
725440
250113
761191
33399
68405
966770
181588
597537
182489
775264
822296
398551
432671
698809
667624
81956
577821
817320
85721
280182
801159
16498
855322
706409
396793
609699
553612
140444
396056
515265
924907
218595
460384
546423
687222
62897
593899
626460
887432
224453
245895
141893
518480
407473
155283
960648
587734
472491
503812
286387
828436
539011
50981
891862
796325
976272
361456
306532
380728
891062
801150
604576
215423
108402
881458
354787
432735
49894
730798
198274
683109
307662
822218
19193
489299
889336
993026
880672
20237
444967
375246
145769
705505
739915
67105
48030
776587
428717
516544
388432
563064
202485
310377
494879
268289
29026
572101
648502
27672
611749
95951
448905
37612
881728
354338
995977
758889
244351
330409
259727
571632
910106
287377
447699
148776
412241
296993
744985
37868
864379
835015
926066
68425
866350
488788
939726
349219
875333
43294
30453
384414
542012
626798
903323
44709
382501
45281
991677
259582
81295
576168
292281
866012
863835
523738
518513
512456
313273
787042
826981
171568
186543
7280
339642
501032
633991
425950
483714
916053
541054
381787
3876
851071
248925
781688
529244
342241
756908
22009
544382
714352
242868
125755
793407
21907
836109
530210
52343
219274
704610
956102
662059
46555
53982
392391
955516
283134
254630
788418
345223
246893
188693
444435
896043
339988
355426
398516
275253
713146
401875
520257
568604
933504
380076
50022
166589
756001
50033
501654
343203
255503
52383
977837
505540
128400
242531
231595
651028
31872
364845
54187
134099
622072
511499
47390
894752
537395
295362
906353
95774
938920
753280
60898
470453
344300
783784
186782
934383
203375
893853
196089
394975
400624
984168
286500
277517
784831
481040
791248
648147
964173
511696
857033
120134
869303
656227
830236
402892
22324
154357
820658
866578
955434
708926
349801
946586
903144
612130
146277
46001
149933
898665
458938
498180
296612
737804
165676
509625
351019
12408
375668
511261
940831
846796
325991
330858
192073
937368
644650
331415
67219
459949
671479
921937
654084
410173
525815
736149
801456
920830
425577
43730
464543
833308
242978
330833
192978
104939
749759
782206
41747
260745
572452
77821
829729
866375
111431
495321
172077
857765
739225
43367
808151
819371
500027
502323
231952
623717
427798
417768
719906
987571
131440
274646
675555
65106
68196
15695
558370
893865
949247
512709
990758
348712
11784
120123
27140
498108
875901
426554
569089
509427
21477
383386
968319
625554
830104
50
44469
730952
998224
751117
869956
443677
791164
313038
191078
534117
817009
404068
313609
576289
40409
987989
63117
635389
136671
185144
442408
824517
746118
577590
819990
569191
390850
751847
641837
501725
669256
262732
587397
170394
741562
882788
547428
322568
10990
392911
389259
657915
5452
364019
309869
762366
554173
812361
998134
477474
831927
487032
268760
220847
859221
843540
721589
362462
832402
321147
327278
895289
155969
2599
326028
212775
851817
255307
912637
281943
402400
880891
702139
648660
647934
701308
365740
628223
416249
70316
373807
953646
355451
132873
361970
534985
590857
127027
892240
675817
551824
553134
628890
32618
19819
942190
38434
831524
902613
608767
102538
399190
698344
764528
143412
530432
922680
655477
414477
250008
880062
133208
463636
808331
141204
565555
540755
792731
849028
625832
200438
780168
403801
831647
117402
704406
980520
169193
976529
81529
2711
352803
923616
263621
325198
709144
806360
201389
452150
890069
721412
287221
179446
844393
720736
281120
653108
189502
549417
130020
484391
548571
934122
239269
633420
129272
897363
802711
736270
883118
951753
924328
246450
829708
417478
187893
355785
40701
764545
967957
667330
186507
123756
711699
16462
869481
469665
775364
3992
438253
214885
20124
974222
299803
215928
941326
263806
858793
915421
160805
622349
496309
122040
793257
140708
219484
809576
52678
880279
455697
748728
426695
181227
764165
438770
145505
625867
976591
902756
263471
281614
755593
528998
825956
294194
655470
105186
630707
267834
366159
160024
945578
630697
899224
167528
143892
913601
413974
189484
749386
263792
47430
826915
191804
823124
298393
518053
61100
40814
850843
264980
541507
891672
805128
750884
686547
678776
370436
465007
762408
121020
58905
983010
513208
260651
339349
708685
482504
226266
425178
726787
359889
13627
408955
750555
399312
301610
911903
781602
149447
957647
675354
460897
50732
570826
802769
954457
439880
635641
178437
113996
965359
616127
416910
152082
460996
213368
854838
218132
745026
138554
974956
242287
344210
525914
542183
153220
551643
908469
261427
306407
15767
761428
282482
333114
69279
231671
224566
977108
379757
253437
339236
340367
199241
716799
648110
721849
217047
579490
347462
796527
954262
488338
888120
687828
856616
109254
609185
817857
43649
302770
689134
530298
689276
95753
633207
435754
751534
275031
67494
470458
281328
434450
763664
603062
680796
824461
709950
579840
542489
54966
423794
229643
446345
170464
213536
17804
868418
677033
237587
106980
964622
70961
853693
105173
493010
168332
199361
229024
320781
792583
535354
182157
457772
124435
600488
617077
29902
744827
582794
722651
292898
432252
202758
233179
689506
480953
184890
344783
141802
548508
22872
515651
476579
740244
602153
290001
375555
574919
669593
737277
803553
278110
477658
134842
669033
701604
284141
543959
645181
499243
988225
474932
839195
516057
803042
707791
355779
245383
656710
405758
899001
711088
971065
340547
65395
639033
441457
184462
34582
497593
720490
777638
129972
201799
716693
15616
234991
824992
188866
907999
722579
729107
166776
230524
900672
997060
670007
168574
833416
354943
642410
98547
461103
273153
313897
853342
43545
967329
685851
901402
507222
286966
501164
35263
472387
452750
771095
390607
8248
325613
315544
937176
759812
122350
541281
327068
405129
391687
944941
132507
135747
152497
307565
185643
713575
661598
399357
217258
938391
979550
959755
615161
922488
648713
60366
200830
672714
886397
588492
157905
79056
425758
973909
329733
803603
352342
194351
8007
297661
351244
911920
154650
489899
13032
17799
141277
823114
805968
882142
449658
688252
919634
338857
457119
823718
507963
713126
452362
915435
16787
336281
965490
177511
591727
268709
761446
315987
540581
549862
36594
624974
534461
904219
550279
954326
291109
180732
301914
713572
486024
965475
327051
942547
105966
850234
404900
18531
696363
794538
646566
105072
54733
298251
960385
565698
991898
809029
716899
126128
882915
204478
422120
223302
21700
330387
62809
54818
134772
406173
848078
366913
498981
874064
647616
979368
783509
822800
434691
662974
194583
33602
912026
414748
648659
326296
965236
436170
850915
845430
391051
830887
899122
247926
78373
392752
904736
767439
772634
424445
241878
498812
452165
924256
613926
700131
297466
379837
456464
480494
979439
907183
535208
53902
771509
289056
834737
749226
908785
997529
243118
524437
597473
572141
794446
277560
843626
69271
666873
840574
526064
701217
203190
