569393
630032
934704
542349
927400
498088
803843
657619
996765
438457
705568
151743
407120
197945
775783
627613
586232
928016
644967
139767
150383
148403
541286
636141
176889
159614
257026
893580
716561
183237
948130
281063
295225
72957
111275
959358
838098
328251
588282
465185
501934
772314
840239
136485
420199
757694
552015
809239
340156
568637
288142
880776
19897
633210
783765
640361
649699
1587
764298
503656
658628
80813
772322
307120
922533
288624
705132
274686
62450
605874
89499
677423
211543
233899
291897
168868
90529
444702
186258
734791
542751
809825
45674
731019
926120
202869
214328
949668
92365
974142
813540
439103
812444
730858
982811
584468
50961
364996
769914
317859
289993
108255
411602
954227
986095
427150
777306
959093
902818
314511
856864
404523
626006
742858
44963
565436
338204
541516
857855
40718
202287
9940
458708
606743
480710
54883
511055
112111
899385
253641
727190
992869
790426
718252
448391
9980
220436
731083
583768
415673
420217
924903
783930
654092
623256
718506
274750
694196
850383
56452
27766
296130
369254
626756
421768
40139
860839
703236
311300
754856
964316
509152
631127
828459
924321
478295
546054
942677
251926
239142
978001
36261
154686
781130
49921
701361
690196
939025
608554
916341
538547
957317
99027
244651
267004
364741
172365
831172
601278
125973
771247
36143
217136
582434
71154
331171
688935
466584
81069
325586
825409
160528
691798
710120
133287
213481
102067
836155
243227
51740
328882
670980
697292
818459
36648
845691
108401
544947
75227
36059
577349
379216
454380
818388
960436
975114
243938
198521
303597
972971
113426
886034
814344
913487
506101
78920
455067
102225
362971
164640
637734
670002
831884
426642
627076
76309
513105
450664
462000
634300
958596
755875
319305
244645
474924
831002
321942
656051
533520
307460
198990
3667
527714
673352
363260
862958
522296
68464
438460
508968
601463
612415
2229
357603
180579
576235
824338
635240
330375
255475
941476
597081
604947
413009
20315
545169
452893
568293
688318
567403
57693
219910
147679
211628
59463
146879
44872
21311
530044
213328
678568
990202
956043
688321
465581
17288
627641
138296
408121
126647
651867
179061
248395
164734
838021
824487
305255
443470
548198
251202
172050
223774
463247
30663
872840
45480
499402
75434
179816
809267
397471
493856
150941
569431
741808
781067
163261
314136
895508
308274
333625
361348
600049
576244
184975
373530
96258
465745
887849
754965
526916
358491
291814
472731
974493
529430
743260
905870
323303
498296
730709
676221
298976
363692
605068
556656
644409
404089
990812
356807
688267
868461
458975
43740
825674
896822
862255
389917
520371
452049
186549
163323
841489
697998
200220
172037
326264
888855
840295
638495
25181
212786
117366
923285
173044
427342
385791
301487
449022
514179
939245
504516
844947
42541
454064
881592
160392
778046
698377
4173
165648
812539
934697
406081
315841
512070
702693
691981
789516
158588
154266
421814
22283
178733
974296
346287
528595
769253
708335
921423
732590
886978
83794
825719
422800
217675
160199
659015
352035
159755
468214
712194
570707
762409
419394
482842
976277
641123
865030
642846
166294
636241
971659
233940
402705
227800
218063
87954
378757
801955
745810
137857
741658
135569
402563
801905
39697
888156
215146
184743
810444
555644
697389
402329
247408
429914
109192
372347
69677
722460
683898
776569
454962
820789
244100
131423
742117
198297
345482
277542
446929
470559
524360
521609
763074
408446
118212
247261
707966
640416
894268
943457
87013
308111
174046
785421
817336
982312
868173
892873
578958
945689
248481
168777
995239
425578
919652
341076
184690
363667
113174
828614
590104
412920
599170
255526
118357
930835
406932
275701
636309
648594
271281
943945
266002
83584
370638
540489
357171
861618
318472
681167
235886
85534
212342
187488
377005
407319
474633
734239
149937
831228
229047
312511
521139
859158
158157
633570
699776
542911
23441
141367
46166
899860
517463
869684
583936
76633
642321
53896
503221
792858
41618
280188
34527
729828
800712
340036
385346
782926
423243
827290
326291
178610
534680
544307
469971
349009
862284
338325
28210
152251
665086
464444
947450
703655
236368
777418
932670
17758
807573
898521
591019
207900
927793
963028
473727
269609
116148
929331
140234
950836
638884
94899
441768
893940
365387
935871
418044
816211
731938
765966
951028
684123
782115
181951
60395
870965
431905
797294
769555
998910
696413
430704
289562
207841
739347
57001
376727
11853
129633
859063
465894
386538
813490
226214
421401
250744
926756
262159
644314
92766
611890
90727
156036
305508
635381
870093
119985
176271
658013
440150
641340
281236
875103
306233
144539
718476
863403
613527
617352
408817
223466
142018
40441
527814
823980
63899
774463
624926
334968
471560
103611
837363
193896
277407
282916
406264
97084
56944
963262
145262
467347
25880
944256
736869
16751
813554
54840
710896
489280
314058
710907
555074
127316
417412
735734
732721
670322
827059
334577
576729
451475
146425
10902
84710
74910
553605
577640
35309
235139
38986
90733
635354
12612
343864
563414
305843
359276
267625
806025
575790
429999
990715
945393
351778
353642
699743
722838
647036
785212
480739
52329
237635
173882
970
296796
313342
656364
42814
356279
369110
531823
102894
921180
16733
917925
213813
712312
475939
801575
639240
806171
719384
903628
100686
145341
857234
975013
213785
565464
48174
813814
520995
567889
574566
594949
790604
415658
455466
663190
769088
902933
727434
102596
913294
28681
211464
261601
885634
987319
422667
662147
962876
420473
183202
492448
848041
859168
742938
145560
174115
988018
792118
913713
724013
698496
645276
465560
150152
8610
224565
783100
969776
692806
763311
786127
562357
639868
235724
12523
28255
282709
595028
424011
328083
485741
80851
594568
614030
640969
460601
955804
626860
709683
762342
270533
682286
45928
364250
785732
584970
262272
798945
950151
319130
647727
88074
142027
750276
695272
228202
348660
200140
591689
925509
440642
49281
732270
461384
330519
260284
470650
261521
10723
404042
762618
878635
229109
892631
723233
94347
651658
39266
561935
93345
190127
578823
864294
978639
855711
768230
649974
59010
899116
610611
994336
149256
956323
534438
618716
740470
949983
560900
81308
178354
4514
484947
436569
353802
388633
321582
703863
549788
133255
439860
688661
273036
504409
57000
464005
431101
437581
569079
367374
364501
601665
576374
909104
143977
395024
644177
643905
672632
477785
237666
179449
502940
751252
45115
930992
727832
442641
607108
335607
246765
838428
240204
174071
637484
276265
962257
826028
179482
868322
414511
921507
34606
958541
929512
437648
565577
776010
949411
940487
286910
650668
161224
169766
61131
774938
916390
555427
320296
586055
492019
303635
994998
940814
531214
647847
309204
478350
546456
109378
221675
219263
742181
667007
40168
66442
891224
470142
535448
344404
425668
992283
598963
487310
47849
234150
709151
704072
807666
3754
606358
698234
44472
241123
358146
562958
158693
243240
471518
164228
933401
810504
48218
782087
901773
360083
452471
32226
987921
387949
270533
671035
479173
892230
308576
650092
512567
550090
943655
936370
961753
381567
580232
508016
58582
171444
211667
934449
117388
966762
226170
232985
786164
601523
965422
58370
920417
595553
69580
691161
368556
539551
426210
152547
662191
615622
392518
489693
186219
695664
279900
830202
751222
15762
378456
917435
265139
10579
839436
52460
416709
736055
358488
374352
320696
476006
702093
288135
752442
365273
501766
953455
854963
448581
805713
629948
912457
443443
790868
853527
916422
905482
690205
714619
214539
956137
954206
659442
416879
86699
570237
646687
836238
580398
952608
437294
843904
871577
72451
720515
656064
974406
810311
119842
858060
392925
7058
892592
781153
970005
824263
87861
989225
454338
931476
263162
587070
675514
907234
925067
423777
257804
476604
717330
409007
981019
316312
216083
266182
698455
526946
480367
218140
266883
935666
370000
265590
449421
433725
842339
133827
239619
998381
877199
345405
540495
935955
649083
636828
688146
203841
710529
354549
846974
678458
66259
540939
382684
29872
889408
221120
924931
209001
242556
104244
436907
625060
771117
649502
942470
319174
658584
612470
952352
222573
516010
964044
814029
645549
611133
449527
592371
49983
913099
886181
19111
940302
325714
498417
213823
848369
433586
97708
325298
958712
8661
886509
423351
359902
250781
555084
29586
70048
49198
212633
934088
189178
891441
581569
927012
236326
779432
240822
888026
812143
110608
809322
825957
594715
48584
979643
36084
127747
169815
613723
272246
831611
656050
542063
631106
702324
97090
839297
882136
888300
880950
484706
654068
187000
801871
734017
286463
534264
1521
294699
302188
259308
686797
383500
114464
861480
967244
806533
478052
829540
243963
338846
938555
457849
561763
755112
168477
574157
327530
180434
90484
334774
654567
751163
301521
683231
674460
95533
68035
259648
790687
872398
908368
428020
434741
372922
692860
920320
426951
89514
187670
887192
105108
513580
251726
883906
826294
236800
37599
776853
431893
768168
238864
218243
777743
887385
501223
852615
791906
127379
393819
909810
399683
694478
284664
707942
42708
981777
126518
297622
698094
857649
696876
431818
275271
858024
123547
839330
342041
39332
608525
118751
359157
77823
964267
234677
925249
460972
203862
369992
670168
759766
987236
275173
170621
94839
489790
82499
332038
555524
589892
882689
459428
372366
523148
254560
138364
813176
805181
611946
148924
662903
863082
738478
134070
373764
330110
814396
279262
388004
576039
942092
295319
944292
122317
73800
482731
10425
92976
920714
447271
951009
673573
710735
861911
264017
50979
19994
896336
71220
241092
821953
601942
127313
813406
123507
799129
218087
193499
856623
751005
723837
518540
423363
42770
845949
479087
613284
488067
895860
651832
20645
247713
45116
916558
903165
417026
642979
747014
603538
150280
490721
638629
380558
252925
476204
537099
133731
274713
858831
543398
619017
558896
754810
388444
33240
880032
602404
687211
511692
816632
388983
943596
735501
335702
554454
71943
916350
650675
353382
384134
702110
670614
243553
6086
217714
220475
404871
461117
47427
390370
8326
541990
496401
23344
407545
205028
363166
532921
666005
288874
893976
187155
792982
959009
935312
795000
842568
23166
219070
82812
839525
543184
324367
130014
794186
731752
922934
137052
225276
235436
492547
581621
592008
327365
46077
66235
955506
15274
298569
417205
174540
899479
916742
172079
781152
827800
174444
976837
686880
432400
270503
752442
12161
298952
947845
44527
1470
654423
239935
502312
213728
595746
939165
187149
640598
293298
75018
419546
47990
813705
873421
896104
278378
404447
444688
567987
725170
166822
67199
240360
551425
382174
188180
486791
447127
677571
119399
43511
839737
160605
986485
451648
686709
95904
75086
522905
349392
337433
90708
36678
438948
21447
791545
517088
476116
29922
1517
927603
978035
888782
396646
845662
655922
172659
377045
659471
677496
2290
26753
803823
541300
416364
535800
684188
604148
489454
70905
637281
447812
118044
700448
961386
490461
520532
862536
892820
793426
541097
200444
947829
997127
162972
175249
70904
879674
924442
368997
974631
732997
427071
723229
903416
986116
782443
195713
331677
835064
478095
657430
486713
188968
587907
54980
47701
630316
546524
213193
717771
65073
754813
907311
726257
814838
853658
373833
130743
145082
132688
559340
138670
989131
948976
193330
535942
84850
222698
880942
679508
410149
252334
362843
232238
12
318026
785371
131436
664025
994191
983549
757064
91678
992634
364260
72574
423689
900337
538068
581559
478902
523064
665822
746016
371507
402852
911994
930258
647209
910268
448160
889287
580849
286897
625108
795847
355979
967067
158670
308587
902429
365101
449045
931554
876450
193597
798022
282827
812284
143999
543485
439851
234870
712968
100899
749764
492696
556347
242112
723393
755250
149004
2952
854339
228755
916904
496409
209623
316262
619
358169
48019
300685
556895
962855
58357
960158
671548
89513
753147
809506
373856
380748
984404
675256
704573
516726
563284
942802
638639
686634
853605
717623
734019
372003
853089
574000
356414
770048
159314
484499
538699
754681
511902
67286
50738
586223
460363
330972
927014
860375
397119
854801
3993
88079
745836
834371
442157
744238
182880
337092
772942
817244
592220
597807
309211
58919
425775
748886
962464
343480
627316
747625
845147
48958
584141
728698
219860
604314
314994
697192
338229
254197
874143
116870
279819
533770
970199
107747
377202
124890
165445
299007
509731
265860
494369
30866
815959
697706
112113
522881
347143
166638
757854
344161
384772
268275
97398
750806
328545
860218
190961
979231
352174
103277
827465
323966
728771
859978
971127
566995
387544
453516
621732
236094
565766
729769
856070
329280
129652
976134
280187
266519
765536
794593
877214
256355
970465
405844
32128
223034
797339
585435
258718
884609
254639
861332
417937
707953
675189
167833
334946
290078
460812
240243
842100
626150
41845
464424
226778
512184
929057
713435
922121
610572
728101
990467
417636
941829
207974
233002
403376
282959
181708
262705
991968
67870
376921
327235
791686
902835
885385
292909
932935
368273
531183
951100
224615
232606
571210
508163
873315
505775
679280
229033
997633
896952
374043
872648
241937
371021
748928
355480
279385
592419
554915
51541
734265
227614
297076
568846
878550
599808
565102
592737
954853
657347
150662
693723
176268
239818
277385
610475
512329
441873
251123
697575
726866
832927
482917
672460
678662
986798
106907
97929
604154
255364
249302
870914
367792
523095
930757
134556
549873
119546
215976
795967
608494
597116
421469
695987
361425
809036
246352
765718
394030
617130
813121
602005
196629
546525
320594
270440
186317
563631
577519
865751
615627
392417
602691
470632
784529
702038
616284
855083
666681
778927
792372
29601
399931
795436
64990
502732
545081
649518
754655
236758
632706
625216
971449
233636
996742
149563
592795
209779
752100
329014
754777
26915
41682
607817
926127
927463
518491
642819
931592
185215
48373
139539
612973
518099
221186
113407
957448
549554
589163
8950
104681
179927
309483
889550
330103
333838
443461
478000
561471
680198
958987
687118
782323
486796
748766
93719
733754
828273
393181
313269
756635
966123
688837
776884
6361
296391
526486
182817
258511
261200
718302
772155
429753
19810
441482
29116
21568
631235
90735
785225
481059
427354
920448
103571
999124
948451
73271
508392
225898
715189
506829
537302
716835
472886
55153
628163
914731
925211
571766
975692
167992
17822
461028
307882
529319
44492
22017
848288
116966
976262
481838
171722
33977
248974
606367
628667
974474
557750
849922
558147
334140
191961
710512
480478
675079
545205
848526
686470
566734
172588
177954
133704
6774
377475
468756
588511
55621
580883
191131
831565
23162
986096
835111
178580
349894
479801
518513
733419
802671
946555
411842
133411
243073
453280
922191
93582
64714
358481
40319
259088
33153
695787
200195
839292
269333
547844
193116
621274
2098
305850
300805
741629
461892
927207
264352
383123
513778
104924
705044
83073
158098
922646
734847
365458
357439
394488
835938
64441
795401
113747
126707
816710
910342
737142
722321
287870
909238
398738
711741
258543
576558
330489
435340
763350
91660
590369
241795
726033
120254
814601
409660
741893
112832
16819
786286
580228
887369
180083
348788
716969
661726
192104
138788
781145
578082
135135
911964
313877
843927
111502
967557
196269
974155
15102
197693
334877
494634
829665
849626
525324
662035
123026
741317
916182
905720
777596
978202
855425
257953
539629
716114
992225
64096
682971
74883
963334
658248
229762
310315
130709
659355
70594
728647
568537
428432
96940
871512
855891
332967
59070
353601
993671
70915
805966
222510
477135
688248
882384
486871
346459
389076
864031
116007
129739
19836
653696
558884
598742
161146
167655
96823
178586
727139
980268
6878
874554
838293
555584
403688
723743
46601
919181
591401
499694
31483
684430
812029
506396
129797
607081
857032
804744
315581
206383
864032
278785
14750
508454
227986
619111
501376
529823
897202
612731
800332
4469
946544
278526
662342
10805
78860
260994
134382
582776
498137
932467
845509
809072
327314
375906
873463
162890
858239
992297
968474
778474
750978
368640
207834
13939
841556
537970
336636
140935
978372
117656
845987
861265
739225
52621
880979
413178
220180
217970
680911
952511
159230
812656
795068
629369
581209
838508
367714
187581
612693
710556
798326
379013
596803
833703
826339
576961
663928
10398
609506
892624
221776
900445
958671
149367
382797
873560
747263
188052
420233
747700
472471
70747
157494
556010
354536
841868
494560
74746
818792
641760
304629
1276
333787
774623
733478
485898
593309
806772
196223
158210
930460
780154
205837
449611
858908
789399
477259
929221
525410
947698
600212
217484
170815
581416
100555
440910
163133
976783
576027
560337
596172
183110
603411
263025
294547
273859
380827
814653
747716
379206
371003
903472
980039
274560
533399
386367
95505
916645
376394
759583
558561
745507
703172
767029
378163
85440
174072
611611
836331
762019
283515
770439
608132
868438
531343
974732
865098
673504
269737
242389
549726
498542
211415
396583
345237
282042
40861
762625
381384
135571
176827
393220
407851
521290
366108
829226
111362
175323
44936
543762
642578
79366
220019
716430
407059
138660
889358
612404
638516
136203
915464
46195
909707
910987
832735
489907
649947
281322
504016
873935
53948
939888
120445
258972
238974
833139
582173
700681
525875
252145
375673
258424
742142
272399
129179
687932
409284
667290
159818
657945
249881
122093
33071
905501
434285
588759
706123
24375
51877
287602
241730
841843
617893
45766
489128
300781
963043
396853
706109
595365
271980
296127
109338
535325
959549
95906
533201
423283
633332
652126
135133
324637
220787
550499
92769
411643
153394
124465
509610
78953
212249
204542
298060
555987
645861
661976
947711
294016
738425
66984
45250
283869
392653
354264
891489
393081
369215
806469
177308
86402
242417
602133
934865
257886
25739
824082
624345
238096
691783
883472
915970
407743
926933
764195
568235
197413
474913
766718
225632
266686
630189
815324
503775
466215
731715
853131
449619
378871
831685
603648
934241
328965
411689
611236
266177
190391
168863
194463
601303
149854
282582
90121
698760
294571
251936
51111
906883
838659
671534
736781
452856
498917
296243
750301
445451
770350
874759
829569
816420
707801
173375
796742
150708
816234
150987
993232
724322
651965
520270
226182
685731
619717
340446
674962
965589
41094
356427
371410
183268
303715
249361
611602
425846
123084
839360
369715
335556
831405
470930
174344
719979
911672
992429
646114
576501
64113
657783
794264
602132
356172
568419
785933
516687
840872
740775
951442
326264
790347
963535
833775
235177
530129
870335
590478
727117
868183
220688
196311
989222
860736
594342
592581
830904
482180
56600
185201
26363
729070
568264
159106
972654
421764
291543
511944
239632
352958
356076
761827
411639
51164
474994
312579
660891
618945
894609
515565
882414
426707
680880
812900
947238
11442
547904
20989
202002
848972
161784
422980
216081
969980
170500
683173
402847
264058
571642
990681
663282
592788
710187
298207
118168
292126
707127
775940
762406
706595
222061
67971
364977
148062
500634
823444
162205
238150
434007
718501
778025
681758
968110
394030
312673
887125
377401
472986
532015
674644
830593
645993
128479
771607
382543
463436
115491
700002
296614
782563
106086
792176
276119
281712
231795
483915
520224
236465
364605
402281
873678
483475
374338
179121
681030
327015
158242
679818
63204
321365
809600
241583
241780
214410
616983
628922
34046
737994
11581
389786
310120
391308
971511
744541
193599
663882
38446
582125
803237
91513
665389
170118
957524
389799
445357
558757
396762
55007
172315
256156
440453
745559
634538
798321
73266
715311
400513
722218
514358
657828
806311
57573
192791
420634
407795
334996
224624
693528
561980
936040
330934
377573
456034
245043
92008
199867
779972
411378
434532
906522
584566
481673
213164
69022
357859
431671
264996
703607
301475
901802
889396
216948
386055
144868
357273
303105
507548
925424
652646
716761
861582
683199
169761
808114
14630
292708
717045
296921
913165
725818
684537
920389
22325
885452
322764
882466
989032
915320
834743
383696
334954
358861
648551
108652
171118
292748
467921
340970
853165
784503
667885
103711
873066
786181
426173
328616
692798
786201
791045
132227
663290
948274
251316
209901
93169
420182
300701
821837
372449
165837
355884
711681
305107
936259
460450
675128
385637
775392
976190
338689
807688
736826
494313
423258
422063
990613
834216
89159
426476
747066
609768
255164
455568
171027
62170
687130
93822
209145
382054
626490
8320
825706
491944
493686
50634
134479
676623
475214
197235
599905
391470
178423
116988
809660
997146
260370
45455
75298
498979
658981
836614
137941
409029
133533
359338
410193
538131
122990
849906
552404
871514
646263
864413
229992
275042
740172
87108
176664
891145
287908
955628
707200
609165
23428
662688
317852
560897
317056
872182
772706
149176
285664
606305
110959
748009
611107
347380
834543
75313
432871
948538
276030
472001
51606
685459
664833
66123
926749
537618
882782
202718
595955
871338
180200
122895
723583
382085
122790
979729
756580
304185
711360
981131
680792
606279
43448
252566
474598
328279
479044
237835
147776
996574
967659
434759
353141
604392
611681
447178
452654
824675
462168
458350
48544
395348
307567
414922
636652
851719
608872
698022
301227
384455
293713
699499
419196
477994
131792
559352
145621
143095
505389
830973
717457
414667
643278
197778
603635
160701
595993
153076
974181
819228
824627
680203
501216
203858
718327
50047
558620
438342
363915
224812
327722
156283
895839
600823
736958
319776
31191
656902
888529
434524
543738
688006
421058
524526
12134
963308
683028
618199
428118
163296
664575
720958
971427
932203
996484
32990
594282
964092
485175
844311
629202
223326
401892
265335
336588
606057
176352
911306
177552
836872
642108
472098
902954
875810
169653
415764
315439
734333
332768
799207
659946
520863
751702
853410
559068
832378
697086
263110
332168
290454
340722
372079
704071
304412
174928
676736
585356
575661
829998
397776
450941
72874
368665
178227
153748
635647
525102
110852
496406
435557
43797
199759
255790
570733
76780
628716
490695
641259
269062
691475
761409
172173
450036
655447
376559
345281
477557
838153
78432
228685
458910
39597
809176
115293
288305
185603
283437
687419
816197
944613
854143
324279
169100
505163
690418
61455
932256
555203
605280
236716
679989
576899
369766
138022
535374
922425
762200
77260
175961
161122
850246
535281
916207
308494
574535
266577
69966
276365
820907
523601
19070
927896
878300
572181
469330
57147
612226
669709
110387
748736
417343
706500
795609
893767
643251
126682
413219
258920
843568
301279
278556
784164
881831
879040
659785
980783
592334
164224
445999
238380
787080
645253
698963
748881
112168
491852
979914
770415
640860
101148
154909
164222
722347
565367
84503
719516
210650
312859
964220
454483
165975
621932
801325
635900
847442
778758
839137
701445
753112
242795
211970
783746
560627
691243
993778
830679
879700
63794
83978
940880
976498
841345
930041
970150
470041
773162
990532
242764
559765
94087
544687
275114
602383
170156
492414
18763
783354
29954
160097
575678
195753
777744
69442
372875
516143
185586
806122
75697
675326
721138
241304
200552
450653
760689
430715
621595
531928
817001
644192
121425
462930
641820
907054
309544
18243
811481
362822
415462
429827
523631
35125
68728
710425
803674
310915
998113
882190
621730
181646
85138
568363
198880
730514
550016
562457
812769
342868
278062
198425
461713
413414
94840
384043
182885
846360
342707
358023
904391
57129
889225
386746
278236
191847
850369
924384
43438
597357
173276
240819
425437
838046
732369
63285
846374
67730
844189
505914
967600
76533
517474
112868
569267
622795
18615
582438
537618
257421
845453
160321
791159
753813
836358
199685
913352
34185
578850
293249
594496
180945
159522
637150
447713
488134
486663
481392
870899
5253
938358
762527
919850
988728
428067
740057
227925
629577
906706
914946
890029
318611
879276
850824
275107
797343
979859
268540
702677
457030
796735
72194
311237
224507
444316
59155
516181
38894
647226
401337
555354
261670
81282
754550
759133
857898
352944
979194
217614
968325
817026
203738
199018
916970
339251
962580
399815
568651
241613
897270
999011
775960
935935
496385
348081
370947
297581
492769
858047
443324
865811
634017
625762
188105
655861
258488
792132
244636
793385
77215
947634
863075
754606
679732
465318
182020
618010
60056
893851
315050
189431
27924
855891
565201
699718
840892
241474
739578
7109
202858
719809
888070
855208
147208
599486
541786
465822
120582
997179
505201
717071
980017
775981
938426
402471
26916
841429
611280
56960
673942
573582
242965
219856
333473
143559
640952
115389
562640
107418
704264
362732
624161
875588
701230
335761
614852
577271
603672
81176
827826
445054
613755
670406
335049
385729
333442
137552
357217
256351
719873
147348
100018
426317
516931
688868
568008
320980
70882
909612
629809
472168
567554
569308
691937
50579
159166
857850
279265
545702
893321
763682
48784
915969
646505
908896
894035
711918
411022
984996
748011
236293
117288
375521
568562
254898
236045
115954
135408
579388
499579
583366
701309
558743
450776
928266
645459
118344
540981
962552
738174
987718
14559
152924
348508
599631
835241
999645
769486
217929
696511
197991
168369
536286
30248
402472
955079
826848
776016
556631
404428
19489
706051
242791
31521
383934
925160
806995
783876
396988
224097
335788
302581
17852
612533
453738
809244
276685
544959
176368
852000
798559
894128
176018
970856
754420
348927
781560
112060
388648
403236
707388
355751
507592
768093
528081
1219
673058
548003
716118
88546
825437
717172
804856
155333
53847
594466
314347
508648
479591
672761
474990
791345
841809
709979
206206
91908
570530
888839
764993
572561
693866
495508
178013
935598
13758
468255
740618
897569
263238
105656
142793
299504
543510
794278
290332
516211
636162
969986
22329
345526
116432
829674
606323
480399
208017
798223
962441
564098
550428
938377
525448
908917
236978
405006
762047
584110
874017
543381
666695
647321
961111
920358
152747
440729
65512
415940
955840
987582
638350
36127
383812
743288
24425
522880
601454
860142
217030
107809
94229
18594
686481
969065
809526
239739
368967
697184
805278
828135
271842
569630
479484
417413
523765
955229
10277
643664
819295
400074
56417
301604
252906
961282
814033
131221
133261
658167
939785
265311
831308
21914
642039
82342
798949
276959
127448
399507
936376
838753
461154
461053
960914
41330
833741
609718
51798
941366
72598
594105
495320
450951
836566
893633
385674
425788
331623
992581
680789
456974
440784
598224
269871
392385
731555
989133
499024
478130
591261
828738
363122
860060
278079
64812
196126
697853
734552
966664
648180
240509
905565
85587
80631
656038
927107
405396
88689
560465
311020
288642
63234
960108
224160
62537
564049
994365
726986
164853
88502
538488
722924
542511
104327
840900
708985
116884
588942
157437
421747
980285
187208
296602
849691
619899
303696
853077
665268
558627
402993
700126
511065
777897
620714
636944
391691
614776
306777
168802
428247
119094
875349
966175
950401
98378
684552
542583
217103
351222
866896
917042
740183
532925
76500
223481
932570
3077
522056
799311
734059
524829
831814
341697
984901
309226
189882
827113
641179
932043
210259
393398
227456
739852
980676
596015
831541
769868
162588
215889
395015
761249
359086
794148
913631
782032
322482
321556
376493
36761
491988
354882
768613
308566
902917
125507
813872
388472
298406
638832
573146
324105
72859
965437
734747
792531
647979
369993
957634
182880
56859
779528
524203
384137
560878
216048
677978
105072
6111
172008
293755
248611
940904
928234
14125
798651
611198
983377
602552
389935
892806
509631
819027
395974
273037
202485
940049
899034
166640
794555
611895
866604
821950
362677
256622
916780
241513
507181
1497
101020
646541
609505
495762
21736
734561
812537
450010
35347
417948
533588
207674
258894
436835
237742
14193
215267
311592
209805
203088
98347
66740
764913
315058
602777
812439
493113
213901
698270
192297
494794
134380
627940
413392
642887
318157
289430
229676
515003
891335
199721
885945
3859
81347
369354
32177
365367
808755
4360
9283
640366
378079
462681
171565
606396
226283
398772
707628
690252
320239
526160
23329
146811
617924
213518
740447
509486
136924
500438
312685
299435
168026
665103
647128
312424
673640
154693
26587
441261
840221
860624
505943
582486
315835
400766
902346
511776
142708
583629
289177
242438
112582
89299
541221
262242
379212
830529
899927
511526
660445
354519
875487
891070
321974
797576
399997
615661
704939
113171
267293
81927
383857
156052
108527
149515
505564
312991
353822
924842
185722
901627
738244
146290
850974
526695
351801
78225
943167
423033
117543
336971
794021
988833
382481
646338
817727
468772
107689
525558
575683
713540
604313
768775
941908
185349
277027
250858
437321
931135
302855
295193
529953
669897
798699
245801
856662
715302
18701
137377
905201
28728
508294
158443
877
281239
478221
724197
593335
824498
300152
463888
435451
940326
541842
624410
605460
329192
514212
292560
374053
937488
273640
811020
662336
337417
301380
638438
570441
635964
664142
606852
606347
97597
302089
504644
507060
190406
969160
530760
349100
733704
978220
661555
95142
781758
411462
68110
417600
839084
405727
262351
295496
138862
354683
644941
314969
651078
954514
100706
791873
134690
854697
779277
830516
749957
491043
198260
893526
824653
493005
587050
282072
616325
580548
735037
234632
468051
619132
979351
354898
541055
905859
51372
577384
897392
88526
98943
945378
373797
414676
700404
334749
235076
523071
831664
823344
422499
423123
990651
120920
598570
771754
502095
90955
734713
111016
558933
700831
804380
89797
99680
81497
447643
130646
289046
975063
189853
451947
825246
171373
51983
772197
276557
396023
737822
381046
662887
363242
500097
294278
748371
391374
134249
259478
78212
664358
995897
226833
842505
651687
838603
641621
55857
493043
672713
162306
286765
237675
423612
460756
69608
960969
817036
874465
914011
950012
939354
88432
697977
65831
303774
198515
54815
80093
410338
975987
472107
429493
820108
716814
874998
447946
390032
337187
254463
1129
858482
477542
486493
743194
66628
657495
12730
865478
433086
328546
372737
745235
718245
494218
4519
801741
112402
547549
690959
230530
403184
911615
384181
27684
135740
799446
695051
276910
492853
353157
341752
955691
405542
920497
380709
652713
931563
604523
607216
554387
408624
440591
214152
25716
538445
875104
851598
799755
395006
766261
840165
789816
93105
123832
75421
716813
759217
537669
5736
293895
368037
21743
638251
314210
306661
25751
623951
314649
39464
546128
524553
85106
538438
88300
680671
871431
998475
961676
863266
856543
677716
722557
800478
50117
920114
838587
834072
936314
681319
92508
256967
185963
332585
128065
997998
290493
976745
474619
513658
578816
980856
221406
951982
27528
380812
755286
387844
973170
686297
416553
181300
56006
467873
852188
789139
316657
973166
201162
474540
421497
338584
460827
175249
299772
9508
752204
366455
167506
83303
748126
512402
410175
795620
225780
639319
796350
890737
14275
956134
77001
762507
688990
418368
403320
903070
456647
478306
569996
212343
667872
967087
261330
943957
522054
310314
214405
167823
768700
613536
158307
424208
359409
926703
494869
842441
171402
956629
350583
528596
850386
372558
244447
566292
809530
52936
20308
700356
353412
18534
365891
497225
273794
830894
806851
136944
248934
269166
597843
822510
222249
462686
839634
298009
63895
389489
853842
935394
623155
248983
842049
4216
459981
566803
223898
576742
919976
868856
309271
195396
332758
831547
473979
561384
578029
586133
951982
38390
135048
267463
550689
169751
345477
145654
764729
696483
384207
782158
847173
948485
857198
2569
741866
535327
216171
623278
181647
667248
751802
71522
902299
502264
728892
123793
318685
745488
291883
31523
64640
45945
989410
407812
666701
455191
701319
323333
325024
690980
388993
655233
524775
428769
196363
455280
84002
584044
665454
755189
884994
128523
476708
935128
30898
625057
208709
556361
633431
167473
313046
584504
393318
152134
581646
514106
312081
810043
374868
133060
614869
813163
980126
707881
873865
264804
666272
983334
758383
130216
338903
401174
534139
500445
202321
448779
717032
400969
194321
460864
252350
714837
759311
245874
561799
901306
749956
563960
427051
239469
816431
150908
808325
146281
81788
256782
815061
38203
509626
553444
356577
520019
303282
422329
424827
309545
212233
619269
556198
917788
46500
850010
551013
209330
991403
261166
158962
561814
227729
288200
851686
134301
36843
997852
862799
32469
731966
395266
4511
248966
779608
424772
872183
396886
631275
230020
865961
953641
951657
70211
343826
723989
454408
236729
332306
400733
819746
180095
158518
611514
713171
343812
632599
962471
488302
216526
690844
824198
873931
151953
554021
969456
422422
657714
527067
704357
337229
274184
700065
609140
744099
725691
380340
597961
982145
993526
502954
653034
325055
138903
280473
122064
942901
499748
738891
816585
927736
459446
361223
66555
158578
444324
176359
709935
52611
902299
594549
857463
411907
961577
503641
93274
244057
564179
926984
464493
75016
161741
959688
598945
675901
563186
779643
518648
998713
610738
731280
978464
66809
84092
621109
901652
894823
142679
818088
892603
801786
893648
343594
525967
441899
365757
578100
955442
212139
816962
995431
243105
580823
691204
114122
483616
595637
791758
976874
795035
866646
939720
743065
900279
100866
976665
768134
200840
845128
208358
996296
828385
576235
950518
935780
323461
261422
554174
948057
267796
179306
522135
807740
202529
787565
305456
126345
160543
391993
121076
796154
915235
482502
956129
377452
81846
897830
717757
439808
471651
677855
917687
169355
690737
942922
648571
435778
298994
892926
777509
867982
741876
526331
918009
242052
730652
540012
380724
176036
483784
129038
645976
535333
287055
123436
52093
630336
666638
949724
962638
206009
615966
621141
934228
757567
671757
534117
872364
357785
871698
916816
450296
762498
825050
954363
900873
519270
896220
168580
463554
409357
751574
147869
398371
943879
991326
721599
202921
641975
972002
178211
20967
936734
936136
283178
854217
264205
135209
282481
443498
338070
39816
710640
269416
514126
455446
936437
6542
893184
48525
786009
123896
950644
669770
510933
638720
917365
76313
783202
929839
237767
653769
335190
387834
891440
888368
583596
23865
649967
864574
94918
917991
203498
786711
231522
895892
141888
912114
514497
769026
340583
524727
23123
844899
981395
927633
427724
32110
452948
236613
233118
119310
16691
338384
162227
62593
37674
943385
985221
868855
75320
488721
990483
711218
986567
251058
78332
708105
945438
835465
473485
35013
508403
505168
619541
82288
405941
589465
195343
885011
904431
128191
571864
666030
880838
990702
789491
996214
647976
668336
519658
494181
755967
199219
611510
446565
607916
685995
678137
625926
954651
476540
370364
224369
819585
591754
404779
507711
116140
372673
742599
74917
645133
713472
355878
278431
754460
929696
451499
101724
933500
587527
227970
616279
85056
580338
349341
954802
85703
501473
357018
931083
767877
894551
210944
154312
119139
375070
603103
341903
382939
308545
967922
291430
361534
516907
378989
515249
423191
253104
449464
656097
941496
777989
33366
88302
192752
947704
149037
338341
656484
853038
502681
893327
615812
348835
462584
995568
805524
271185
160666
285046
455057
313186
683174
263566
229871
892813
377104
812009
50688
589416
816410
475978
616565
200723
646324
233980
625320
786537
901544
578849
328089
271561
890424
499856
841965
442342
408356
717307
641825
91839
606623
493654
985381
558548
231781
546486
170183
865514
405166
477190
833198
497981
184104
195097
752725
727462
265935
85757
620223
978267
89606
461783
207054
333440
113493
64020
799485
622069
927429
879259
558363
70842
549939
665520
232964
651121
590696
641381
649257
241296
682579
58546
318576
468461
474299
71516
705422
144326
85822
724310
892601
886615
826687
642921
744450
721803
237366
737099
686416
520659
670575
768155
517810
136824
418159
914032
984033
834206
135691
633669
2894
491237
906596
978497
12839
480929
909505
40048
658387
874855
148389
501422
261174
603716
987863
760375
966699
240199
355746
739531
672213
296999
576727
708587
638340
824016
701019
180391
299033
340377
728557
259236
479550
155777
935531
154063
502991
352787
405698
346685
971160
547087
312903
870945
615922
213731
871902
127701
953273
126122
687451
129023
476797
381458
668363
331720
965498
355791
198191
977974
518392
648238
493381
244335
321757
156659
151317
753275
261558
95431
595207
316430
735527
637823
635247
752994
191353
410315
233979
640877
966792
659258
552006
964330
12720
660459
674073
124719
954018
978674
475369
560633
658301
968251
680164
464512
936455
370510
816333
590121
309961
480215
983353
553935
439210
404149
890303
612601
65777
970083
323609
842619
967992
194948
142138
408542
417051
198349
609642
847400
759271
457138
28430
441065
761723
124895
777348
299713
430493
37071
796962
346758
859651
484971
970224
79605
112986
326549
149396
899719
538527
135435
193727
415175
277816
225426
883200
34508
587501
83653
893869
231702
574111
548745
202585
621446
627604
8215
530400
838959
606793
889135
752398
157395
331937
172385
948252
408705
768302
983580
58620
888149
539004
9407
219373
2190
849291
772889
518944
689681
138033
82006
404494
770091
716398
333982
436162
252905
432882
177952
566035
102363
760314
61713
162328
871246
380865
702114
926018
807479
364667
346085
572604
570588
95317
152932
843769
227882
361337
794414
766894
622538
150909
975436
336957
826660
562499
280324
1445
657774
221225
84967
855089
592905
14795
95524
206138
894533
396715
837191
949657
40695
509955
474845
763102
139420
924185
515060
786873
27347
369786
69783
470296
924168
766124
335575
868719
423239
698215
373412
391719
919299
67478
952383
764167
63162
675001
800566
541583
177425
781246
3846
340904
172937
664544
457855
867895
480968
497825
236776
139598
705979
428717
80627
294475
477714
202492
951650
217294
85257
705086
610543
398217
422735
771523
204854
374872
12905
277201
681154
135547
927842
854844
526733
9518
224939
215684
353903
501489
447702
709931
800101
843643
134986
678641
762667
547903
130139
752910
203632
783002
746237
244020
697548
382003
153926
962209
344974
784455
683477
799654
587196
978478
686895
614269
358927
306220
157363
422989
459823
692763
422830
772864
125441
670630
742141
470620
901012
815322
943084
575963
263205
1531
397919
542726
184256
577305
527974
931455
303146
243683
993383
703783
696142
650557
223467
533656
635467
589338
200378
785179
956147
245615
250730
403766
72842
695212
761960
541781
266940
737365
299264
141124
120857
640785
591954
828398
231616
131954
85230
200120
247158
894814
516976
392434
891266
137704
183128
608469
480987
732872
421108
837829
181848
497120
578770
341588
667790
663207
478829
877659
604441
43883
472188
619636
186968
122024
777830
533827
98565
249731
685749
739131
271749
100666
376426
30119
171636
389404
323194
672905
595913
600756
233549
788444
279812
132630
280542
243151
751337
538378
228582
882537
137692
986182
645981
397245
852639
185401
192416
275342
850722
625982
159895
936450
521276
428290
198755
2658
585263
271629
816498
362199
473828
251518
455403
480629
39566
630147
724655
92090
362092
894653
976093
348888
432671
379096
161252
422453
218684
498817
533501
655820
266927
88438
919198
484522
652514
167268
144815
93633
524995
395237
83176
404819
467283
825554
354527
918783
848315
881498
476545
527215
918130
27512
732645
400525
256157
223468
149991
94115
416877
647944
9211
791359
943491
614864
955965
413886
993660
347285
975412
98246
386224
82872
368716
606432
15453
641840
944092
179330
561637
905957
558833
115426
838093
642393
848927
924260
61694
940588
524016
466684
702762
620215
765656
977153
348019
479619
86015
102797
216296
770305
374963
764796
528040
411778
352168
716102
907615
447162
859298
950069
876597
600362
991650
56202
97104
516787
534590
364924
725980
95508
389499
162579
49477
834261
283879
526651
826060
446961
829281
405964
268081
702511
250474
184575
893055
156192
133684
901941
58491
161445
547538
619680
384258
17709
933340
891114
839272
140916
92047
539028
460041
466971
886332
334618
844886
873842
285256
108689
725351
638348
807026
787903
443366
242931
105080
218454
525521
252622
332145
635209
490890
37347
74206
664856
588815
109497
225945
606313
666668
111027
783215
210716
565095
846850
364087
434839
43007
371198
796105
28840
621744
602127
892136
3309
79910
894342
848054
325608
730488
800747
361729
933184
771309
367259
655254
338164
678265
423067
671018
807454
796901
508221
156642
453845
999510
903278
746355
704974
576107
920716
877048
806893
305514
848949
401414
97328
696897
536985
108610
161638
463532
596651
7380
721173
23528
458324
313945
671066
168176
480994
318621
274611
379838
891654
279606
501422
793896
906486
105039
553304
996366
936869
522886
486298
377955
457290
513417
169286
431505
903744
946547
281625
407098
664039
859625
329672
736473
561930
828616
202058
64106
523880
351101
806216
991224
848935
273549
242774
759468
270817
220965
807638
987166
99788
343268
780572
336949
880248
669745
356393
393548
459853
503287
342060
112107
473800
728148
674544
749594
651319
766249
860359
175697
631837
691398
861011
561375
615162
547343
307582
875687
793531
54944
704154
115407
316510
919620
292935
852148
933543
50785
789777
21384
196962
142110
217123
672295
458357
263850
536293
291165
704728
780867
179684
747882
853780
490282
185278
533629
217700
104456
92358
298970
354017
707565
981762
384405
948932
51925
770245
625285
782914
732499
108771
429618
693850
216022
592751
553732
24203
278167
926022
522622
727938
696939
188522
74672
120714
342473
276964
434516
282935
719843
536000
321259
503898
369823
778521
436819
460195
97504
831994
505922
782772
814813
281678
380815
680155
802410
536211
638228
216064
33139
866646
632840
993930
983784
247217
161879
846229
843983
566471
456682
293754
309404
711520
132883
37805
803864
6100
510264
816839
871985
247137
757236
187642
425838
703694
824332
976629
414333
397892
937814
310020
931093
831768
753820
436165
786829
521117
492260
659595
725400
783900
174650
10821
225419
913389
923016
963062
2301
590004
99991
178954
482192
219527
58427
116493
463376
481199
605601
21244
397602
794785
668581
914291
674433
10373
94114
145375
278065
550515
980873
216038
853920
391836
519897
396795
633440
460927
213407
669710
529341
713584
455196
809065
983386
674984
683032
988911
375197
172314
656248
885844
51799
354101
313174
310124
279041
360486
861303
45944
662612
769788
946744
783438
704814
525821
762078
316046
762388
479634
154277
791411
137136
545255
210499
140517
861143
865100
464648
742451
898923
749927
149054
59452
824029
465680
289163
676665
401540
977690
98651
274687
262234
739529
664237
345508
818286
912729
699316
372697
996618
887761
949602
681713
590331
898114
152830
332669
436093
429352
496207
893261
262528
97929
4965
808707
99369
250397
951502
845270
187260
904140
810476
299267
493746
265223
766011
147777
358171
671992
232001
967662
403267
134292
777829
474880
767244
887514
866428
957671
298782
594246
709443
642489
740853
344712
143461
451790
9844
550115
491446
466103
768516
899631
43899
613599
288881
969990
601152
927253
870716
255167
72454
161429
110713
973225
203671
857507
910648
525062
656589
560360
176178
443047
984401
976670
515324
183620
252197
506155
469381
490507
522719
845539
430922
228236
103951
866378
710205
561670
400785
589761
197079
637920
416845
508552
708534
942351
979289
58264
534259
592655
560586
376115
434753
389228
994216
297113
129694
576170
674871
27916
703319
734324
825773
752146
23859
315949
796310
747313
605444
261884
806129
481598
974246
944141
293618
748083
79512
973988
292661
21284
323967
301274
917537
326825
365928
719282
874510
600243
98198
963179
162501
459571
687194
394539
718444
856818
811894
214212
631670
85382
450738
345159
636538
719925
270668
589736
657528
963583
90957
953174
355015
203547
178814
398462
826399
80199
234556
965755
241099
929684
697544
663276
510521
650748
221561
175300
930942
213223
799041
161599
757236
878438
17576
205899
813458
996932
665781
95793
864869
331033
582796
155690
305775
127085
644815
91848
421582
311272
680499
335530
640056
101752
179737
653782
715262
464272
35961
728186
3873
363734
166183
463353
178470
101068
190958
366396
862669
197214
699818
902250
289949
9869
161557
735052
325414
411589
269472
144126
583529
853154
410473
820533
975899
385164
98991
659093
463619
189575
607489
966859
494359
601724
68126
935798
646408
162625
478974
557203
161210
83762
334278
916157
288946
821294
354152
334846
521991
230107
280234
781795
824757
873929
395713
981044
158008
7401
634595
607243
197654
331998
422528
475143
907800
29155
320221
726756
968935
804165
117596
456634
168005
416173
525093
66475
697979
368340
282757
44797
643140
541286
702174
448973
761683
72377
306315
202203
758700
261718
351537
811179
13265
928414
606647
292658
15112
929186
565356
414631
304993
610561
996804
948120
347695
347368
827383
662757
375547
738836
954049
226956
189036
653356
735764
573950
849623
192966
30004
411719
843266
960599
417473
946887
927454
438348
552678
221004
591567
903246
998988
138297
2856
545925
65751
889525
748651
847439
647138
398885
904754
604386
534462
786907
657055
481367
166412
628341
773257
346818
70076
156473
276174
580284
809160
872951
913754
340564
634207
546445
817031
383880
608657
413599
476135
290820
10826
824053
947646
842921
194286
490860
327990
690941
352061
692436
141648
552222
140208
575289
341507
621801
730404
844749
17586
708104
725822
680513
981320
391002
392953
41709
142117
493223
787619
25141
886523
768749
432427
464928
602860
23261
594121
157717
15737
486058
219426
68702
402349
13841
752884
157804
304939
423157
820759
181975
783103
656649
353888
654196
12532
279028
250528
246915
475373
230348
553102
797961
366140
151667
768915
688837
658492
18894
714191
648357
319602
30995
881144
783997
375873
986210
161628
75594
46885
614374
495199
340094
374336
834139
749615
359418
654201
220197
227023
704116
365634
298083
874695
864099
161858
667196
1941
896049
474266
893549
431412
652206
462603
521837
947745
324754
518360
327094
38160
229062
705199
84837
613753
329449
377591
832988
591089
574915
891783
763572
689279
715708
370823
862852
912406
138416
196397
784114
697081
33154
659689
219166
589214
576254
111223
749442
897184
285532
238444
518972
733675
600144
163318
219253
346737
827756
383742
699767
826264
390705
674052
586677
305496
26415
346695
242010
846446
261636
993598
734351
634789
926853
423148
291039
205522
366644
722926
500985
596762
188962
656410
905448
188390
349081
106746
80907
753038
782216
672853
595170
466005
978785
206323
426376
205107
838091
193506
168758
397563
408208
249996
362437
802604
508421
869860
459327
451999
66273
236537
415647
880722
227798
952815
20211
997120
333890
492726
395984
205106
859875
421616
722541
957607
331209
586476
600594
799662
424125
70502
58154
723522
860915
449480
129429
537281
360318
830869
884788
228867
50698
148174
633803
288958
266191
490825
231591
575741
403611
9676
76222
607694
699517
239075
123020
994702
355926
397844
218616
231435
747808
481371
308219
450216
263924
812519
760994
177783
391854
561744
807332
458910
846156
963057
413741
582120
134816
67272
806099
420827
495970
419692
901082
967689
954253
271
465786
539323
55502
689414
456328
747249
720256
454323
180201
251009
880836
586766
798173
762017
15389
165980
373018
415634
469522
21416
152676
924628
803582
139559
263439
239762
666592
547734
159773
562665
558897
812828
396365
416294
987800
428288
281828
402290
69903
919113
808111
888222
227290
310986
383063
313294
147345
345153
594447
751859
114255
203011
678233
583681
392104
393359
185975
521760
109384
578588
795015
308856
369128
560371
539345
125967
238804
429216
261615
535414
775249
261622
158297
465105
383333
170301
916792
876349
736155
289416
799053
735371
467199
175959
139750
581160
490655
411077
566521
738026
580833
987668
183522
196700
283724
890156
559651
589012
788638
809343
177016
946414
824653
761816
23112
744038
645812
760613
305228
90020
657802
572632
70111
363569
107115
36516
983643
112593
416991
304391
617750
782696
599020
968501
412158
84467
39482
448272
459117
630559
194144
745140
229643
704685
764215
715939
314495
13935
619451
671929
995065
615828
98042
384010
109553
121177
791948
746952
579782
780549
238907
764029
706953
738482
641876
232808
64457
572259
239184
889504
130471
628466
179573
206355
251608
813002
778329
738054
573932
783016
288757
101637
651309
759532
853611
293213
146270
246655
214397
265356
404216
476922
223190
547334
175046
473191
396316
177075
659899
688230
529235
786396
440775
632984
667824
773018
857099
772567
737557
402640
432190
655994
414160
809778
93406
926092
956581
257548
115369
890519
371571
268778
920793
967649
649586
204688
226053
652740
310743
549950
123851
4020
948955
169114
884694
902244
410718
163507
948738
531107
259484
36599
511877
655571
77410
723736
484133
12640
161739
914816
325100
418370
118686
889035
321069
573579
49822
206488
389740
112342
933322
938984
413576
770121
758869
285937
612703
802774
309438
485074
946649
625545
893578
12981
104380
864721
422309
382358
330046
936984
76277
940400
534756
893381
449919
799889
106583
636983
122327
438236
233134
664657
110138
234523
877370
372941
220087
44259
813891
63254
698942
284549
338659
285962
315741
90115
50594
740220
635290
272623
141119
647776
342309
85667
620428
423314
396864
665249
736054
755917
51620
514877
729975
812457
168394
780586
434043
183304
183352
881668
673448
922674
503592
604462
907323
918296
391076
771929
918285
905075
184125
174949
421314
47945
590478
964578
341129
348052
127177
807099
319033
414232
888542
816708
827414
517263
603039
49654
198546
351260
284503
71468
371317
697607
348574
684112
762927
278947
927874
83116
656065
432668
956469
860329
686011
836295
622514
693332
691473
265655
914732
28479
557051
44166
772383
496195
992833
89085
430544
761761
860977
778191
968200
385886
365340
24481
30888
35990
988353
947757
904478
799199
948251
485839
791431
435021
782414
769043
482868
938035
180376
341925
199066
997049
885383
25908
893886
409404
306672
916152
87420
869065
193032
120223
291574
997915
288088
473629
761318
610664
469298
459300
369785
214605
868192
893649
441736
894271
457770
693080
962253
689500
890568
331751
291344
657585
981992
876314
103562
193327
376294
739000
901340
332336
145306
804239
531796
993371
331236
885465
668766
579396
588749
811225
853200
251348
348080
923311
965243
993143
861855
969598
440191
197302
32710
249851
395516
456875
322671
307626
541275
961505
278774
864024
877107
249264
139397
956349
305332
717557
167560
512245
148590
890414
186459
524228
873730
745023
215308
385572
80859
461440
89134
645967
389115
258392
157134
727561
24697
766799
368157
965045
480011
980850
914618
586757
886780
948096
340918
4889
286078
144372
582885
295616
437159
63259
838893
593679
88964
612309
588368
232267
783875
264585
215584
70484
154638
118661
473746
625429
462444
709105
475433
420158
796232
429727
253815
54525
307647
780624
971933
291266
867078
815026
179089
21038
907019
624312
317879
290368
460735
132347
639137
842646
655237
420233
12121
461401
162600
8861
12133
720476
884634
546705
588477
419511
336484
242493
130860
385698
244097
507503
978553
879721
484112
326540
627296
992657
595728
981457
599211
363123
285059
420684
287113
343006
737544
978269
417672
874079
482781
856792
508067
806675
401075
111333
351906
518026
424474
134603
555498
54732
845463
795179
426717
15527
199755
917284
33799
432307
174283
51667
965766
629496
508466
780865
854280
478112
521644
724370
888647
587881
259763
188823
590346
46034
870263
303174
834208
98669
369939
878225
495215
697630
397260
316242
48665
473568
352806
675664
420344
721318
918299
547625
765421
153483
144625
464712
137308
232297
513100
420787
33302
631536
239176
730688
156046
184564
940251
548911
64205
165231
858553
90758
502762
957321
467213
889941
479633
266417
553059
12578
782813
761152
266311
382316
289298
223485
716711
602308
65521
840407
400431
875819
244860
244395
839421
833989
663951
454229
593155
703245
568282
694383
447687
692348
595592
559384
845781
788506
929196
120063
533675
731523
501619
6347
401402
694040
394849
102917
511796
217507
367074
234917
868495
380667
117644
503204
433118
523326
325399
308614
982354
875507
857239
719603
564989
238777
574504
506898
7214
515021
322392
13075
770351
848241
221955
506855
90457
750009
205964
440771
280307
72409
767653
215260
588873
538195
12502
276605
382420
233176
329957
459801
744041
734768
536828
794616
760145
104715
560621
590151
409315
54523
668433
606382
87628
247852
49307
411211
350657
446187
758202
225657
460966
922369
464834
753427
859676
652088
597095
385643
182437
619168
416328
644586
515961
509172
464706
665310
890369
639360
495569
527750
470812
817945
122648
291068
564484
554555
246536
984281
343851
802431
759064
656440
75084
810133
123107
957730
812756
351782
673954
775965
901735
535647
41722
552148
744403
10827
304269
198752
828498
993123
390337
226217
805083
759288
295414
351859
871098
736656
677716
137773
869240
820288
665457
323371
167372
868921
635196
845801
766298
536235
322726
316376
945733
941074
404953
625948
855072
737856
294718
384955
172377
83113
65989
960046
5645
812582
878180
786512
416188
313440
513767
575732
642923
739394
354860
286683
119772
313939
947492
526918
561295
750479
27294
307664
879013
10737
917000
10399
807674
908534
326646
578550
536936
216792
623949
496634
621561
425680
646319
459458
409111
520182
970255
164933
822788
419910
198369
798456
138998
11748
606015
852571
228087
247117
657252
825618
758906
204642
407314
237663
115586
109690
746888
771463
985280
807079
622587
72565
18955
794441
324085
988857
271135
268660
228980
572287
900539
966287
696257
148888
823492
466099
234878
431701
873772
484529
924184
91745
276313
704421
230795
435284
119022
764332
334245
889482
139761
558210
745121
147868
865929
21843
218872
878109
441683
642308
412620
661226
156239
342324
181775
294529
820825
764782
140447
30017
712427
258764
564793
131362
595629
289955
392712
307406
346707
183577
44991
637258
753638
107990
934993
652068
912644
279249
855843
774215
816784
511670
507520
229443
257019
487375
350291
859520
356670
953985
770314
802343
8121
934748
320262
377201
337017
976132
399783
498706
453696
364625
989297
746418
235737
892281
718879
36298
931772
369574
517573
527859
449969
286414
328948
747432
161874
701941
229614
488272
792018
321135
899475
348206
262798
6069
171194
247130
5199
651389
680575
785915
566491
491165
285719
392128
670338
407071
928987
455124
452013
188141
902204
994600
314091
920166
579028
268934
770461
714032
502211
387570
810004
239696
538805
212209
632226
147511
79301
919345
660874
745846
467629
697275
739326
980158
587962
266339
811549
101400
59912
982736
113535
372320
592087
636907
592405
744832
845964
918031
268622
831560
592692
138218
851540
195060
301998
488721
143899
764491
704531
963232
594358
753953
884659
420668
553769
911247
556363
508007
411562
433205
546989
19872
205344
757664
675551
603053
372771
991374
569158
417941
700207
511644
697269
56422
292334
267056
979963
404222
776716
910166
305109
945090
1646
154814
327520
158166
773228
904069
964385
733796
575720
623385
857005
488409
990567
625355
287790
379251
884166
748827
824400
454618
601115
730500
507925
771479
551428
823049
897353
938302
48741
653683
182143
707581
895188
383245
984407
37856
542285
395745
722841
207354
29299
532453
139195
744169
119045
299565
678146
281279
626695
422625
859265
233635
796323
196623
943508
687200
92099
575703
501388
290048
98340
525245
803660
651015
984849
789931
300398
545455
441245
872249
384623
732153
733920
280643
760189
305163
717108
283055
486664
367597
899495
568905
793804
822812
372477
102159
17076
83492
948265
853009
536939
418805
916476
978315
876185
597174
819759
607945
490198
602362
8395
194597
278246
683361
942580
245183
474082
937116
291091
505617
750718
253677
392601
45166
93469
193900
432605
935688
915281
478780
86259
881175
408235
763867
489690
761656
859895
148880
932565
268651
313731
817970
915428
712296
499934
979431
725215
968960
403988
339738
977942
830516
384380
914445
698790
466128
547975
774666
171602
615902
17076
851988
586081
498265
231846
63857
184354
853547
559135
964403
6316
856385
385198
602958
559878
227070
428557
329907
678762
523992
978476
71749
501354
718582
371219
975428
861460
313711
711659
518733
367121
802825
940699
329164
683727
367786
278284
621244
201560
533023
936651
853550
107282
444054
496913
909862
79315
570911
855373
858348
725681
673514
816590
131100
764105
316306
543983
18500
282699
909290
596688
820518
254533
109521
338402
918603
934406
474238
761008
575513
790367
556719
58497
202112
465880
36602
896164
360204
245732
669854
783772
465245
570023
151229
405175
852736
116342
711685
770642
702775
735302
763324
60824
890560
997319
553131
438675
780275
564392
115184
833906
337587
387662
826837
812942
978379
112029
380119
138820
861007
842432
468248
549493
484074
982028
861154
727902
686239
757713
365166
11943
551967
3720
241751
837089
552025
233320
498308
326102
606617
158852
804196
32362
853847
519350
43301
817612
501363
322711
874244
17120
341878
295436
769267
42559
19621
875721
19553
648741
164024
618232
532843
465831
670745
199172
396252
127582
46887
326946
413621
947904
414647
865302
223755
97172
817339
375885
573036
136470
528047
978520
677825
664518
640403
532522
373403
332154
104684
950590
344890
843123
790626
798990
638197
45930
956965
164286
645807
512679
696214
644037
769499
531722
815897
233808
448722
405733
168812
464424
894269
618806
936730
117221
958448
37248
986058
593784
534323
39823
289054
734181
187121
299238
358893
181037
374024
302768
867159
517287
971687
101983
973269
886290
668719
868696
847038
397571
365421
636354
754818
140861
23354
749673
96603
424595
798031
955337
285436
733665
892069
233030
822635
873993
787835
575876
567461
488988
419988
592363
581146
267712
131820
581074
955086
349471
842842
941802
606739
297689
448768
342041
99894
35861
559757
482880
290527
373220
537645
774376
401819
144291
730048
299214
910928
904236
738146
939161
185891
179895
381007
751895
705385
375882
891221
224109
503169
402558
376174
289120
401999
596370
837388
67061
63016
892479
101552
799935
299362
231538
79679
124939
446257
851817
546794
967159
272302
962193
868218
795773
672830
471498
378085
319228
408321
458190
738334
619065
834352
710029
459655
658102
316222
365331
92932
131358
384230
969797
258240
141520
296324
116103
709239
771545
202794
979853
157081
825539
503836
800514
712594
964479
715432
929942
673295
395737
825791
159047
719787
138930
665987
366387
428232
754607
24599
481093
740100
584634
530322
411842
316349
204479
453178
255227
173700
676914
195006
261727
597130
762824
645015
366437
82408
107492
966341
1658
549283
631357
994100
254486
388044
286245
577562
771668
841864
153794
68712
316264
150102
224778
931045
233263
957973
300730
834857
707848
989792
490867
49116
955974
862913
844320
761078
23625
612087
627496
379087
556071
487313
900382
563792
425739
133313
176584
944227
149957
533238
937827
346518
529586
195433
74722
936210
188978
288682
698839
579704
86379
593314
642600
433783
588298
318941
580419
113315
505358
984564
133869
954549
626229
901780
417422
519163
790540
154071
404766
366327
173296
179063
621206
225803
730111
134495
967749
506901
579089
176700
125755
481943
461133
314005
123852
221350
286309
948686
623379
503275
633282
559101
371336
183486
534034
625587
117829
621473
985810
35212
409695
533254
166699
660624
34248
532905
756794
97306
368784
497496
887968
894872
396124
202258
191320
790064
930951
505818
822932
831861
630670
687796
949564
176400
165451
607225
664086
176932
188391
825790
634053
756001
236421
351490
307692
642936
113294
137096
775778
986466
403466
506328
409304
538509
407308
512333
702533
336471
415891
335475
573926
958412
139923
604006
359728
555126
918640
851346
585391
357226
390592
856389
25457
76664
659831
941247
956565
616646
504342
280390
427282
102757
637195
178715
477895
817482
207880
535726
152168
92566
933493
619511
949531
872219
719258
881728
247128
861648
888936
310944
800931
945674
153660
41992
812888
237851
394627
811404
113000
212043
165770
188662
273765
260025
112729
979480
185860
235095
14532
301778
909443
780138
645843
590147
411414
370819
330668
471290
394489
868865
225799
501533
92974
450203
182257
298454
355238
291301
581913
528998
616645
103002
956936
881421
878572
596030
989269
674106
915524
624184
475976
42160
284231
210612
782964
128827
516065
879820
763515
456063
164705
430734
233777
557046
594149
652128
104339
494194
402968
916198
914032
990363
68145
249785
353786
6000
423458
197178
146518
978354
265221
423677
677760
367779
375821
174717
855503
475525
110616
625165
199436
732973
37487
550961
717263
706183
878711
979041
454825
87235
802612
540041
597275
781850
296179
883247
402802
284554
82493
303809
356220
623148
797847
52700
404737
842061
499764
940457
93620
683946
405420
284754
877514
996172
847294
361618
359769
226161
40741
680563
229777
662009
43906
494292
553352
414897
55071
418917
683279
646708
911813
249324
690862
207974
589369
726097
949567
599100
30039
432319
969205
167585
410719
258401
228745
468659
727948
83564
244412
294963
871808
16575
559094
947498
630164
152323
593397
190749
758452
1645
79741
727705
351577
142607
973466
954816
281702
704861
126601
392504
111885
175345
994090
670281
993640
614225
687585
414450
759234
726679
493623
860821
328982
570139
6666
866710
570684
790332
666873
893132
202426
229589
770961
255339
502790
630409
673
930278
641555
300595
106952
718914
387485
327005
457042
31961
64222
573153
92243
376932
930853
260644
805515
625119
308354
362327
23412
540163
727440
357138
79193
200043
809012
744419
686533
380498
299856
543052
534793
277714
931264
509669
10003
430808
982078
755614
872782
851258
182248
390945
844114
319560
754993
360137
495080
326458
485950
922078
236134
325340
119275
543272
855266
776901
150308
844660
88086
415363
922261
338744
488645
683302
842207
497938
213497
220253
79830
313650
373260
427603
196079
711307
466376
599247
213787
584172
834998
439363
399427
722645
73277
449718
449084
383549
817225
596723
368828
911889
196063
703782
459167
147651
346708
107647
371880
940635
112687
357884
441915
329513
41479
909545
937542
250717
639067
938918
791563
251040
560348
963794
701160
789792
733299
578131
247269
375500
118337
266402
592850
509126
107091
342585
41319
945329
380540
668427
67301
796531
539063
470767
836923
958353
637752
946423
253126
271577
609395
825140
812482
661124
183305
383695
70421
727560
307633
788253
594288
800133
983617
534218
275224
424877
181886
880787
194384
934061
855488
615658
968330
701573
618862
981283
572192
291180
904533
520555
832598
79073
185781
353897
203734
787469
899107
702051
444677
698828
801280
77063
927660
274345
88864
98963
375489
932957
65185
335619
105825
30224
653245
51152
13072
414197
591879
197895
127316
321193
352515
80167
684741
643241
894577
65948
572399
592830
687271
912786
782206
749210
939191
436863
758464
774593
275335
964008
319924
126647
17227
596136
313993
106871
972773
411952
907793
229861
734349
871329
855544
661591
11869
730522
581656
307584
360332
142671
759318
825473
578647
247744
979901
809790
786142
769327
811116
435302
2865
801724
806227
209274
132017
27561
485907
3675
409775
621564
720885
804549
758067
199596
759713
491022
114740
293839
570003
854889
322413
793208
898302
125590
398565
153873
613116
576375
678634
634736
970956
773888
119108
471267
895326
84555
13599
65957
866962
268159
818363
74337
741799
559935
626218
57420
905272
81726
990996
859257
865318
413111
592213
850058
420850
130636
231744
773069
977011
199963
322535
323874
259199
506203
63896
340595
860537
716180
284143
249039
135438
109306
541122
307308
800569
537487
767609
32621
407004
116220
176479
827611
180379
960206
881496
731059
457970
263561
132203
108637
267392
556291
155382
658808
755850
154488
516764
788397
75040
240549
275046
646790
87416
875395
483630
150066
469195
888463
600102
526108
933154
620144
909394
850301
444279
238597
282885
80254
958417
379253
321756
599066
417177
696282
130316
310538
932467
867343
750715
371030
878729
191057
942381
551168
70885
218710
388256
348745
103441
830064
767016
177229
643689
58178
799360
209191
471676
352564
477995
520159
40770
328104
590194
916982
298519
978765
249842
435850
552475
492815
537753
631493
624970
369078
539618
9647
88677
589062
569696
468084
813478
596212
718923
607555
209943
474620
869426
683016
229680
732795
973835
976434
633199
242840
168253
525550
275148
545813
905339
762997
878370
182984
127116
668597
840123
264828
590106
995997
607012
813250
10381
837316
441315
978396
486310
324500
2445
971475
813991
128501
488378
490882
152233
891253
974915
303700
937689
954512
823200
786390
976345
268331
352903
542745
423394
434702
218316
990261
352482
903180
725106
295693
472460
836445
929616
448155
620734
703195
396952
549574
482775
301936
791357
770058
643561
987784
974202
932203
604971
147795
23844
297809
680637
374406
9234
259643
94335
32963
517854
859085
668421
124321
714789
265503
407013
312476
363987
816189
970127
146234
95784
638045
376440
522898
750578
563178
954308
219766
842103
450377
399081
945750
766831
350649
340767
778728
89121
902143
739666
61840
32470
37279
678328
838269
290157
730572
955317
713918
856312
757676
669060
198190
219920
344544
39399
594029
604856
680305
194962
726993
47281
159272
664419
80988
387355
844971
547695
700760
826567
886881
813749
703534
422574
417969
114001
990073
468029
721847
723012
794300
490830
879915
792680
315805
655961
807809
135406
985940
20898
658642
412738
323251
775479
742720
222422
37597
668856
969847
797809
246359
189730
373831
377122
544838
825420
434349
545263
927083
402427
540493
995612
733396
486653
327061
637653
813922
781144
567924
586590
799956
445228
517348
206022
720728
585508
665074
508220
324628
948606
163316
253179
276481
586311
338132
243507
582787
328438
925785
564360
774002
341023
540832
546010
278456
462058
880484
790543
819812
380641
594578
277258
502884
984469
752580
315722
958648
818292
931065
339950
997469
694436
749590
537887
204971
14045
331877
246938
569358
813638
883582
203845
758889
682799
488476
15598
372360
62064
507954
863392
217452
893926
14998
60827
869948
264990
587938
271360
260823
466264
132298
510352
596058
46530
131472
585688
973005
874597
731183
364415
667449
232712
527843
292584
619964
90253
849595
458378
597000
665176
962124
534449
520843
280176
154709
742873
457140
372311
556727
456685
104386
448127
440585
410247
649977
429494
277118
371207
686796
386195
856443
103181
722527
525602
223043
870501
679826
748029
196261
314916
470864
518491
43176
419639
871263
989374
271900
997811
276106
952443
525004
867327
901581
100613
146074
671454
822192
196418
22134
274473
830075
856139
672912
156414
164772
706581
132968
588428
159218
100231
970449
476506
259050
245967
606587
280215
229182
689034
845479
375626
59898
590071
941379
458624
116516
325918
974716
657825
815969
596199
374323
315381
864424
808664
284140
332760
66932
934093
202479
226566
609166
845770
839256
999047
891346
442003
570030
923182
639142
39333
897042
202716
27973
392766
224094
323177
352172
664152
218388
658092
782336
402337
283733
709380
128883
914138
414131
267775
108467
221573
215782
96980
738132
438098
507716
514564
233257
410280
377013
31444
853299
871742
469363
289506
257521
71150
943075
439569
220378
817045
636537
202492
733731
636874
146318
37196
956735
436933
578856
386722
490490
797233
601871
589056
415955
464475
823450
527824
795905
497110
415391
863960
947380
616169
576705
142230
437555
96865
816171
997293
420949
176831
366993
779357
722034
183853
438932
463951
877464
310039
642683
369695
32157
168725
660710
976023
438998
271348
236339
37244
351227
526367
640393
870646
586233
221324
412599
810405
297630
28554
974618
818422
582179
629044
103278
876605
157113
772632
196819
356073
166524
613320
283494
716581
867392
818750
303483
807177
769866
770011
41797
147743
314335
140931
34899
332270
584508
275136
493315
529582
32011
560888
879217
515134
122504
223251
308936
855013
359255
889393
681680
536708
330610
864115
906901
824526
861713
147143
726603
5889
63939
437331
247066
367873
42132
738056
585055
699806
766202
912630
780197
657995
789807
479081
601107
337910
428547
43213
430414
11208
275654
646036
588427
922428
643597
362371
579790
802912
149993
357656
448820
563879
208492
447690
372288
157960
51303
254187
711244
584563
97784
48973
518355
904010
853499
349136
320017
725817
830469
526094
733285
462123
716981
985269
586662
108716
974180
899304
368065
469014
109901
438012
973695
736968
441355
416300
358757
564681
123890
426208
437769
639812
741920
534314
479062
836566
877662
993537
820929
923362
240936
649052
524600
570297
276828
530885
71639
243506
37462
900692
623618
660480
49203
987536
574683
932049
801935
352788
397087
121545
812472
190512
224046
657432
242695
965704
842172
151056
938131
658367
876977
551334
704572
953475
260796
153115
792457
388959
465241
345885
888942
393938
501984
49103
651569
379573
952607
10101
680896
278595
54891
399425
669259
472098
149710
679144
838792
20866
137138
846510
574919
304795
89802
217726
373396
773053
636709
561359
976030
587500
251374
51251
263862
88126
835878
448462
219073
