748943
227865
570202
393568
253100
806973
29165
891169
432868
183561
417800
977829
835797
215188
156903
93677
915262
307411
57564
748094
18383
307270
358432
655094
495587
509806
280694
686415
306114
95766
808766
391925
166296
289454
895154
250107
19232
784932
501392
580430
938763
500550
746947
797226
422675
939013
410971
430278
544901
547108
303137
348819
424592
702541
244955
998946
899285
34935
431155
589684
776490
288917
492470
316769
645551
285034
194343
605770
246793
983950
152274
170565
348683
120487
416203
653860
879883
899474
402870
539671
831830
768295
127744
218984
625247
723172
957214
774753
522150
944264
75576
225725
273901
939646
495201
240139
1911
707771
324239
654179
32362
34034
435233
683048
947759
220904
210452
5348
965379
861855
80474
335229
86599
978755
702442
731652
612327
983216
399393
958057
431974
683715
96351
177861
716550
262660
510311
702916
766667
666649
867283
791657
53389
227393
737637
947597
964248
633985
110699
606932
64774
215950
921453
996654
297116
169867
538367
315350
722756
656941
671265
48707
406372
226614
235
979710
372177
735251
225831
569167
41313
586994
238405
178535
179131
430016
671086
129609
672783
737969
14469
457920
403899
101589
459780
684732
261589
556803
105721
538195
933930
986815
900693
736062
319731
799590
132014
267956
920127
285562
31825
381132
284933
403457
811689
696496
5751
404245
555299
896506
790542
141689
539670
249369
651815
280292
429843
263408
67030
556391
683238
617784
850858
439693
844510
208292
887932
953175
554999
817020
649526
229973
418022
909012
516107
562499
550876
100906
303172
313998
263999
687940
636233
889680
787014
995497
373217
36882
737229
714111
628915
990878
31633
902800
673042
219855
141119
586792
135822
474241
820266
84202
748290
709531
35404
451354
877033
580046
507003
595739
195537
364788
779240
694207
619351
875939
962270
69324
744769
301819
829816
928859
246696
224601
446132
43755
953966
660185
90218
245235
509302
922499
946686
651006
268548
717846
558035
441710
419321
955552
866956
240069
737552
215476
783054
518719
454970
839307
688438
994298
2886
502765
6535
327372
928298
263325
477462
325260
729159
758947
305721
354944
421623
810753
590140
323970
268570
74179
857245
979867
483880
778171
341651
277613
145984
913561
425127
816709
297534
79851
935564
254455
664956
886491
211672
960569
615579
631778
384093
463135
177575
810036
192630
832398
535358
359144
969698
146135
656014
420159
407515
519580
122211
294582
730651
161481
738305
691007
231743
379263
584824
600012
209101
493101
739187
141964
721544
29780
783632
575339
823568
829444
357006
229820
773080
153749
858324
729528
704675
371699
107621
784970
262099
761943
774663
282618
909612
138186
900642
855190
913497
491698
562642
530342
750509
251786
846258
380573
291211
540298
425295
230105
449766
215782
306311
481742
542529
444988
551040
291568
470580
406155
482926
968287
291370
245759
156534
26660
770829
180196
984510
139801
465637
404473
40014
993062
64480
539069
640840
49050
698417
415723
565642
797198
444715
626037
28278
304118
353161
90780
96940
718155
783838
511348
992136
395584
842366
19416
134915
49891
290524
249750
550605
7015
616249
63858
836582
180677
848990
410788
575519
690905
321368
702136
419648
18938
357980
241676
667870
478374
518404
920290
367390
932030
624032
641620
420893
798050
323318
82008
232716
932268
190883
867208
412115
720047
594114
566371
838438
355453
651495
758360
701346
347638
838038
663716
165698
916375
715299
560964
503672
220235
228087
925278
533832
520944
321746
384459
848354
235799
784073
170894
61540
827344
402636
167559
850693
575388
263429
258022
578422
468633
175386
74613
638851
743317
876481
721543
80251
488388
326838
494920
613506
485200
215434
704892
706019
472915
786360
524179
535248
2732
856335
372408
974990
101156
466645
571361
433857
475847
591025
57693
468555
568357
557295
674942
341275
778792
396229
292611
282475
692309
325437
919935
432266
12013
6309
112381
978023
471140
749232
978289
81729
310754
916366
11126
16035
741993
389973
614840
366599
999879
75611
682793
674711
648399
795349
58882
795920
687867
491149
418465
785427
782667
584375
345977
628842
503421
173707
48426
307003
119
689537
910543
136212
28037
987781
499974
26104
500249
617522
485073
25394
36984
919745
708792
125607
33830
53058
849686
630389
730317
295822
777409
496380
460365
923525
264379
976336
965145
982950
902597
71257
768447
320857
739467
138713
189601
470387
28216
537747
80881
49395
862192
895269
673460
967901
252486
669167
148271
552327
889739
885794
32804
784203
629896
282668
876521
635732
753883
317527
23225
84387
82735
988348
443029
538666
127821
729184
19155
292288
756082
483063
170280
845121
762552
487977
840616
156403
828323
945386
430606
523427
795554
921548
843741
198676
963770
762269
472810
817776
124710
652569
692371
864844
371772
745049
173731
770348
563672
249088
425283
435983
100750
256348
173370
506128
758660
426084
875509
523677
400356
609307
282649
782510
323175
59846
187590
135251
650861
546865
879753
545989
767772
999292
652425
545300
160800
622969
507380
123020
160047
647025
848834
108335
73904
172247
969532
128494
735676
907749
828130
510017
854544
160098
364750
595921
686889
829926
71252
599957
739531
11767
713074
19990
470512
825006
38849
424693
5613
94095
131090
364619
557318
66572
766680
397828
194758
806651
218917
900699
820089
107606
427190
107609
603939
110081
327479
666190
409878
88435
885827
664065
335780
521785
508582
73646
759220
429780
987435
189893
110556
795026
670649
994172
353156
203751
169783
100293
407491
535260
468983
105715
413640
142684
727579
159606
736153
106509
502666
845126
475734
497742
233740
372915
458373
203447
193697
288464
354235
627688
933516
657828
698909
310965
492686
601544
35174
641559
663160
344006
175110
705342
595560
913765
633729
562616
378175
323681
743392
367220
316110
106926
759631
391199
614350
149164
598931
166768
292314
479234
901534
330407
731535
838312
688248
677694
658091
458317
711669
102630
800100
183149
124880
330586
397345
945961
857399
506017
169249
64690
708603
670359
466587
3132
200121
181859
927650
957451
707372
746213
352705
627446
859972
209196
801303
628321
897497
202197
555385
131925
990164
736764
83294
964127
459930
516806
738003
612886
278104
815607
565920
472619
505581
844729
318545
430424
788802
746686
835915
769520
538679
367021
879844
356835
835708
188000
379132
801217
327403
214703
920772
983272
87250
176105
121016
317397
512194
673273
338750
32604
952124
763081
288962
879026
644111
91889
356839
520374
696142
481436
375174
34937
552052
570100
413476
718274
494714
413953
82787
794969
647404
404862
715419
384729
557120
600200
932797
674287
734521
468511
333447
418011
51722
260202
190890
308304
179514
157008
54113
378319
563972
948840
114388
904603
448880
917454
180524
410005
21975
865444
840589
514
198418
24536
148677
585727
310217
688213
822437
703329
498432
205447
235589
947435
727091
957030
843515
825202
308255
769549
670384
495131
188558
60367
840465
351412
414216
547010
142987
687557
203972
209592
274438
367556
475858
702477
387936
164785
250375
149911
741349
183374
236938
345255
915030
773866
910210
850829
162158
608371
133377
762228
24690
803850
626248
361931
109707
635098
244661
220544
344904
643633
360279
108456
310046
426021
146251
994959
291551
226647
755781
32157
171973
838385
692840
286691
321847
544604
760485
939725
824176
433387
471926
599739
783934
438001
605002
579914
702709
661515
653421
790761
233725
153969
322093
404294
287944
621955
287718
708070
90315
362539
209702
106064
237906
671258
793427
672359
156308
527238
912086
50867
838092
862596
707587
959092
656291
492019
225640
273879
596086
299983
307095
425344
434188
847123
573466
339610
118444
953565
852009
260245
540460
83845
465160
549947
783596
957562
72381
954504
43942
551376
691499
890469
983842
434600
388163
663594
26943
855694
907564
103299
325383
202682
554269
599339
930812
660245
686096
19332
222581
774162
761319
501958
692203
232103
245646
568302
750301
844262
468042
245164
866998
202161
181841
795428
94136
552060
699369
976440
247685
519723
442841
206334
371916
880766
981625
10569
976559
771416
450541
437402
22067
857935
565476
243738
184083
666285
656184
374511
162840
8496
938248
413934
755033
536236
967394
694100
412813
71056
63925
655696
113640
288502
702391
877687
781861
664086
140708
232240
409786
907349
335260
898768
739480
456355
822646
51034
333113
707094
484337
682621
448414
193590
585701
976737
904878
570096
409853
844370
313209
5483
173441
978203
577053
640715
792932
653372
782651
927303
530142
204749
3492
46225
734972
410986
975553
76334
310848
978533
969678
356413
341869
629718
645484
974724
380703
515045
403721
521907
20842
443837
893806
323175
987649
582586
695477
340778
497975
67809
786275
903908
418502
823887
487283
657253
471150
708311
568864
413365
289306
172957
457808
66175
650633
193076
252736
170349
117004
578499
783480
862938
693110
85708
867535
144162
915939
775600
947247
1293
793246
513018
59682
75827
555302
434082
779395
367238
34573
806547
836123
696186
538011
619965
702089
177236
253523
119084
708993
510666
354305
976587
429727
530478
568804
673572
323666
663797
3544
179483
302912
848103
723734
353125
645664
407698
593269
156255
494800
861259
255182
577729
552899
599473
585986
300727
66869
234747
993966
451945
219112
951764
166497
207241
537762
176673
101871
93907
620671
424114
178425
304543
12035
19798
904084
509369
646878
38405
457527
983067
240024
616181
114295
295943
111367
501903
369659
672630
654038
282199
615965
326548
681219
219643
420567
273674
919722
482572
218034
699702
813515
483064
450353
72642
490783
907297
961121
31911
374967
756769
262811
457951
57657
962067
825088
409489
27039
816834
371598
962442
670989
799382
404746
55723
663727
757720
334063
913482
929512
984978
668006
112120
231756
468227
42707
829414
502252
166514
720062
644740
150399
694392
909872
671245
525386
307272
911691
613928
944495
397478
705366
570320
505940
136671
675553
752501
240938
33161
335783
218966
241950
354873
3145
709
104596
666575
214064
672509
845206
90570
815688
642257
659009
342220
163728
884936
544766
22389
604569
657981
648732
897058
504000
889457
805544
853119
935886
524361
405189
918553
637470
472600
167024
172930
121385
253580
88463
446411
792421
673644
864527
337150
491821
291280
853364
85237
337817
705924
907769
587266
338478
397857
773344
341426
14997
856335
883019
548885
625696
201012
311035
696105
491107
365299
535201
109337
357588
629054
299260
969078
334526
908470
436879
26036
184142
551669
703691
739572
448723
959730
823691
256066
319635
836030
59327
326426
20233
36174
561047
229601
145167
838845
603989
481210
997092
732920
101935
41595
711491
555120
284389
495739
287824
558977
685337
336136
632594
829317
351350
332034
135879
194578
551752
641609
15158
965775
487888
534361
787688
568707
676658
84257
756553
641630
317725
896870
691300
453020
581669
58375
710449
642032
185223
549514
840298
329712
517284
340193
162274
696736
593817
202392
220578
394046
900757
56941
654710
245451
419309
413717
946000
876910
203084
56858
336921
868236
95821
503107
191979
601141
26051
575266
839514
528870
106154
210951
28398
26481
33457
556155
571871
219766
472591
526734
928937
905685
577386
881183
742879
763446
139770
451528
496587
503276
919639
953239
842589
450782
283466
22294
352218
232463
587249
918138
935146
983782
768162
254639
145118
14275
753281
990236
487514
297410
841945
748261
992914
506795
466235
678732
773232
902277
664127
196616
230127
387031
426509
928346
447859
404582
754700
846983
997956
517403
164378
101118
916542
474414
700446
973095
863275
946348
363645
293031
156498
238138
740104
202847
915863
455668
995385
292526
238163
214997
641684
203689
961330
365064
666997
789761
473086
61056
427345
636282
509192
321219
811306
746939
401693
282479
22064
895673
724139
27806
341389
113310
301611
384878
321061
881203
253317
317642
397427
77779
17668
471717
349003
832853
359510
98739
771757
86668
659746
330403
62667
882971
293201
266266
757348
965544
96872
334352
890285
459817
744659
41233
363194
506050
946996
223285
802684
40266
459440
276800
5530
942124
659267
356684
390175
221046
722665
837351
352766
422335
342564
648346
671890
605830
788366
597375
907845
119014
596833
25194
64111
729859
43556
949396
598134
896065
132258
924460
921519
508792
940962
698990
765418
511355
397986
620021
356537
278662
978108
70535
373436
265853
756856
650398
354003
700097
680645
736274
767375
841698
745907
957855
438887
861896
537956
835941
523264
729562
863854
401148
213327
645550
284855
505914
650802
620069
902543
938207
86568
571633
594567
120272
7999
241399
182277
557478
450292
206897
378580
984595
417089
555787
434447
96604
700466
546020
730080
930132
312343
513552
397588
660318
45171
557900
936195
977468
36698
23570
76334
895499
185599
449292
584392
609610
783883
325971
846940
767550
33050
63621
108342
795730
283459
722876
186647
406430
463760
934761
870125
165354
931033
655467
898577
557556
699331
699183
699405
628885
264664
267915
524429
714157
462236
727882
185170
693479
146529
350762
958732
239209
789428
811019
634069
547127
242820
246606
240384
556131
343072
230758
2376
567236
677141
730207
338560
833833
181304
468429
701968
643388
673418
283888
398659
810439
562163
599817
183812
611064
654032
180857
22942
106308
679391
626767
911650
745708
847968
427893
930038
512583
478012
372152
854547
942277
511573
715154
475142
657917
135019
517687
443162
792282
8776
742174
950923
742015
750950
861257
482542
41965
861315
539210
567932
174661
168661
300902
688815
670966
98807
507623
659097
879413
793546
168315
631159
904503
759059
873100
888070
660568
193057
262564
358414
184812
466893
170593
80860
756052
845943
425123
64189
725713
584244
62120
797984
607513
413117
42509
321489
826640
108643
995244
922268
882556
778060
799092
169256
904035
820989
535995
525000
656317
536015
569526
396233
322202
422016
763286
539318
925730
448152
78503
36397
387005
89871
434594
782609
318142
152811
581903
674852
208638
421599
84342
730085
62405
406839
486932
905785
271561
893500
79418
99541
121584
898816
942091
726548
742982
632204
759772
486942
154409
863132
527555
546640
573102
402531
418121
190055
644844
752700
973959
277982
350365
293703
797697
779211
346702
339224
390950
931142
469290
82677
217461
434256
286718
244199
525952
913890
492718
134593
753558
466899
595408
913324
732972
54052
236533
982721
649040
11772
97525
807366
691564
481471
75485
326128
4929
737142
980644
858674
905750
98450
411239
637921
361960
209431
719177
644982
633669
120137
294386
580592
257788
337034
500485
170839
869664
409750
972129
835225
390898
244033
135535
798078
915517
522786
988010
301285
707011
703884
339282
278906
705220
57106
560081
485684
400589
856235
840026
613802
501719
436474
843022
411522
576156
484095
698521
951907
833272
458548
127961
380127
837865
803606
229960
934269
101484
454187
347923
647808
524584
41210
288192
813955
224526
849543
385494
557649
882213
531254
834631
152684
344407
963454
680126
439879
452424
623470
11798
283069
434494
130248
728764
751478
712729
949396
479240
429227
178139
29783
330737
277351
836631
218296
39265
690597
869160
29704
668994
112576
28593
456859
986776
322972
474090
345301
668657
594563
843850
422395
460755
987802
233521
163874
889439
390359
828803
569531
505960
900645
470378
191947
253687
197600
995623
863037
420989
201426
932301
862435
902050
72835
470479
221419
773425
464524
818637
30513
99599
397987
453789
847829
186660
409907
741556
518232
581552
272570
83145
183270
75107
420954
799036
511555
823219
240798
264308
916682
464632
479147
415477
54306
357168
163705
705118
955173
223703
427935
48985
918578
264779
132913
906772
665699
741740
477691
54070
359203
482671
107772
471076
98250
914346
263689
175815
383094
613645
864859
21520
857006
199478
580694
432774
524843
58434
414165
722683
483133
770181
254644
162433
859920
13975
479233
966666
783647
844745
752485
693807
552558
665614
21048
559020
232461
724356
130534
114450
986791
627778
581601
936351
645027
119584
917151
444842
252842
20924
760762
690563
622400
635271
875584
994153
312026
734021
519131
915066
136827
354573
162031
699488
662685
284056
744254
430778
504373
841021
201561
675253
33858
312176
374171
943220
689036
355799
559291
510162
374035
193005
675015
14273
860008
252812
30835
392157
922802
10336
304594
464204
408848
510766
716111
905813
388090
183053
890068
447325
172146
214325
86397
503433
392729
222101
646264
328570
141486
106685
548088
886437
340054
370599
454525
935911
270005
37970
428966
854436
253485
146122
964175
577014
518867
243593
689958
256803
440395
815905
979417
697338
24520
775202
815638
76496
135155
66890
432594
213618
622504
227236
400681
856384
673627
862226
434629
672377
796529
22788
347490
607026
195516
81342
418695
256469
279937
49426
799945
640434
609118
448076
195131
917276
128945
765593
197046
756409
956151
78817
265245
686161
212141
569631
460557
513818
254797
182914
565686
673676
24292
770861
242172
735947
217902
150350
163621
480923
714356
932509
415440
900805
640639
769917
775336
885590
746022
558916
346192
528817
953545
611658
561845
949405
464421
197553
441376
489499
930839
917637
221311
407159
134889
807412
283449
78898
330987
310605
478439
363585
793962
188955
653824
276789
262752
691652
625025
24470
24158
71669
611978
358455
809692
26980
740585
23933
882342
834572
349060
581844
203875
19005
43365
71176
382776
676307
808693
791950
835418
591159
193618
598211
498180
786067
276040
921114
112491
21735
301955
400168
797386
527701
391148
752987
361189
106069
686759
558888
761467
879792
985073
746354
175126
659124
950795
575597
655795
783434
368529
990601
681587
380634
347391
541815
423398
843012
769337
77655
422663
963462
707218
248451
827870
79191
500067
332452
816887
408574
884321
700521
804462
818092
958703
990751
180068
408180
940541
777907
868585
922718
97466
186
180423
943340
2559
172457
679261
282450
204645
284343
294161
680122
880428
727178
377309
145034
467322
327575
798399
375637
906447
857212
338749
10016
810318
99295
872830
55098
5077
773398
463742
932978
57236
128336
51417
531262
636343
61094
634163
286567
329202
568029
841500
871582
74035
431897
820866
123358
944298
729747
381969
691640
444502
593867
900077
708935
769206
638071
857515
852521
938113
972689
752149
433363
415864
108374
416001
259676
395502
124224
467574
857126
225821
269837
564990
990181
729483
433534
959596
158495
901367
698554
829447
110327
832351
337904
217844
883531
437792
104076
476369
654998
843006
137653
973801
420138
401374
5371
580422
382568
269277
198546
489002
64268
514323
173072
81470
868580
519577
302785
59958
103357
240850
851640
415855
57758
974068
491530
734463
985783
674599
49605
318149
690757
515281
409624
378583
925769
68542
434996
930298
554239
527134
318828
34425
809161
955216
305231
926751
271976
884845
946067
853996
824274
987501
65257
636819
820714
467776
297614
363081
931968
690020
747227
694061
761509
412098
798406
193980
924710
188564
900418
982650
543842
213611
129474
994926
871090
189932
492103
328922
910797
813433
360459
388195
459212
451315
62330
19349
978294
425334
57233
790980
153580
259893
10250
931690
351582
971986
132837
587496
558223
114152
675240
548691
552278
587957
467044
269349
723692
655957
99237
170708
217431
141712
36604
808519
680022
760054
269916
838227
657758
231925
164065
61696
812930
964990
588818
89236
902671
229184
330804
890189
69563
208345
734419
671501
731534
81694
937466
828562
150996
70290
671666
668402
11724
818497
989229
454855
404120
854802
41070
689569
874751
976751
273413
751265
727620
12133
267400
983159
709136
370909
542331
708651
677060
660960
260247
620311
80501
295719
180562
846235
460750
27321
117283
666159
636239
420124
613887
206694
774537
659114
796334
938149
284699
33220
681266
536566
198724
908140
823466
185058
824030
358969
611278
844750
590864
904799
344407
976902
720763
407910
457818
103552
318284
451890
55714
589155
914918
850320
434788
978042
261257
88063
795002
815985
594919
830705
258381
597132
103122
287171
319339
35426
862217
322026
307788
919555
494503
339536
664836
648205
799269
347095
618817
592537
531093
677402
1722
942782
28914
843783
290525
877848
911618
949403
498235
937850
738739
541467
444315
559331
994776
945025
571883
834257
654803
831510
131559
931091
773298
695788
694954
333239
680650
670433
288687
258701
703716
8449
898495
809247
379782
779034
121769
800172
900808
891657
84280
247238
42350
3837
880661
131970
383811
251500
81794
688793
450224
196521
31502
342146
771722
373361
528214
202609
227612
370142
172719
59684
96944
395718
863147
456750
2653
348200
118168
709854
250417
575841
724337
533591
10956
433005
47802
176876
187029
932251
999155
193177
317301
225827
999599
384648
737040
360860
898508
820985
968843
577738
561146
343838
300087
723572
966352
193143
925807
617330
419036
637192
477884
474020
345867
186636
584176
890937
847071
778494
937629
121870
521047
371364
205848
790662
14143
572125
246939
180603
45634
981967
985734
726949
549446
385842
338852
56313
270740
431389
858768
804252
976873
117862
912515
381544
15509
879257
511382
335304
652405
511568
72339
831365
341141
143949
845803
254656
673431
327106
180481
578086
878973
697262
912403
166611
231839
590785
458846
447474
107208
230856
38201
50563
942751
641237
308591
472107
501745
104494
617684
425180
389508
268901
110279
765360
889893
437968
77981
721588
610275
113887
17485
918316
566677
882982
205277
819803
489784
551042
338202
271213
114812
258802
789745
123799
630056
819860
522475
422279
388645
476175
164182
574819
572528
887685
185399
49980
196449
637364
302326
429638
286161
599665
397632
597624
929968
602453
815769
217832
413634
284092
573869
508905
859696
494131
496211
426545
304133
456817
113888
222442
161587
356385
895532
208791
688402
855569
252959
966292
478118
188815
787511
954986
200722
171638
161640
311446
950773
771851
334772
690790
978598
523189
804645
809683
960740
314539
175428
610877
908647
364964
417300
646576
895250
694775
959576
983241
92863
497357
752755
597029
437447
750664
955774
934696
628231
183524
893687
839529
217108
252732
133616
173585
726440
901541
423425
694346
709885
152863
399796
616001
49831
948198
865145
282117
818138
198118
470774
557749
232746
595434
120428
961170
293781
630548
293684
218398
36023
682026
83553
436086
171305
370365
732699
807831
806729
435515
795703
465197
381144
563682
319826
376264
848172
898160
893611
958607
769184
330108
327179
202103
494097
531820
17929
360228
84558
298790
204110
974797
764394
242408
776339
561101
130343
28428
692368
87169
826329
911194
221139
570288
816504
973443
939040
520015
553304
627629
850981
95384
63059
228923
556539
296969
74361
242416
264481
448334
766186
507837
938067
200277
854846
39468
962547
847142
770629
20828
824234
441625
139647
249067
620526
663247
764473
288758
629234
938947
175417
433715
807820
420809
733351
98540
894836
601604
852619
561637
90282
306920
193544
602517
115500
896366
637356
462653
895387
843392
304997
916088
177569
481018
750751
459560
11770
70808
971438
118244
479758
299161
595874
831506
101430
771138
790360
192436
452073
513033
668014
911208
574159
34348
210258
54039
856082
298754
586018
68641
770079
991098
459456
523228
120899
26366
250788
114109
574121
29440
672229
799905
273352
470459
927401
532465
383828
48908
549569
302382
756995
103995
58447
872117
722714
56443
273601
341785
98373
570231
841558
30775
931714
60700
524129
963968
869519
873592
488463
136953
333016
933948
381203
129147
517171
54267
998487
389989
662648
304608
267875
634357
336524
274104
23774
297523
869663
454701
842816
847483
911533
74046
873453
359880
896262
486718
693955
186471
878514
789336
609841
304605
18986
546119
783918
52063
888212
95661
707186
869477
499522
898756
800166
897517
439339
792611
400954
330217
866596
796897
309095
151249
184009
472405
995142
738999
992672
616202
328892
310236
792795
416813
201806
406608
897643
699964
463798
710213
364818
648788
163745
434456
1204
378552
477819
160125
10470
560876
147899
108737
421289
662191
585363
486660
396400
978543
166146
730017
673333
38728
593562
514332
249878
860731
924804
628948
825537
243587
488820
353986
888899
558697
58209
69043
254763
260556
760936
93786
674922
603547
359660
352556
674987
488621
720542
126024
255665
451810
597679
805111
687571
589145
538283
786018
152690
192177
723065
42349
312427
583607
760409
150484
568405
287446
210726
308356
418378
144395
438983
634847
922679
183269
135418
291749
374069
945388
612926
145088
901222
977932
72154
607481
905265
605250
388292
910494
107623
234125
413794
166269
911338
608112
954820
64607
204470
235626
243230
475414
745500
423717
395165
865471
588226
466496
861332
712483
960601
237482
203814
305893
680323
934978
804444
56670
539407
611990
988268
83562
341408
462618
119671
530584
85615
202222
185637
142385
395608
460004
970849
803920
956894
468099
570325
160565
264220
40697
596169
300489
432353
363100
742108
913301
843269
826502
501663
851962
20666
995369
402764
681414
646873
318007
165655
790523
510799
978745
686111
564057
550307
474871
211935
519987
255675
564980
940877
391687
828014
491890
317482
324468
722603
343757
692144
411139
529411
525883
189591
773971
500628
783526
178925
986164
633174
785168
567594
693087
824186
719266
338230
37757
909435
169469
998825
425726
883986
637953
8064
4370
650379
883423
973768
847515
639652
107539
673214
577292
943765
296153
17734
790951
402306
22409
773118
487797
138572
952349
180302
140727
621187
460075
562702
729230
7444
790469
351733
383827
891623
515646
44804
815869
62001
920540
797187
720530
256538
881744
485756
372787
409659
755898
682022
987862
771982
536950
680317
19034
597242
407318
579405
564989
133869
711830
8985
942557
721019
360631
497358
416612
216285
830505
492124
197524
843661
757104
24222
818796
724183
19716
768775
316561
474293
314603
385346
714881
235115
240886
793614
249152
144302
917244
830372
708385
611154
31584
596859
465304
948891
209938
46538
976119
779334
394962
462259
488285
20375
106062
273982
402774
526528
157884
858271
86551
701349
441483
898816
436671
704808
170625
490261
719222
289077
254411
917172
188772
546083
186835
28381
878706
345926
119817
893387
475902
137115
995457
447827
79763
661243
366766
677948
596915
95529
63385
865788
825728
957842
190676
189591
227833
558194
117441
494183
463757
792396
528636
888524
349529
627375
824260
764316
880832
72238
853555
473714
371820
46026
344852
823049
797159
852492
99325
73233
460643
474856
420294
933618
385984
785266
932978
935910
823769
164024
635645
41541
541985
45228
389345
146416
255778
219335
359556
695825
953234
977278
55860
592683
836483
85185
764202
953736
620843
778604
193553
721734
756087
128436
692000
408557
111257
86235
407709
16499
89759
580632
294865
69380
315932
159376
669685
519475
439147
191039
695576
923287
302960
109973
262662
304430
115714
714912
83336
652744
739580
592536
750732
41074
241135
475513
872808
447939
20216
600918
810298
691797
210524
201404
308221
8182
743771
894828
649354
300469
45672
51728
54802
339005
79767
631558
191385
69337
94981
735392
99830
354915
192470
897498
619566
931285
89955
408036
75916
945789
454269
64112
348600
71553
910115
612934
250151
882018
540366
151690
154511
789373
8218
705699
212708
821576
226235
350233
272433
994768
159522
922277
493139
913917
480699
691033
361263
961718
579449
596085
603288
253609
335565
790699
657030
84985
962772
673143
395763
428491
49425
272038
382282
607244
180496
88864
966618
677903
517944
18095
621830
623039
92759
28004
561410
851264
707983
214333
600742
855639
17039
725539
742973
974391
991495
358536
234308
157820
425794
144933
492122
437262
272316
241578
715081
389232
429066
474657
759742
330578
731508
372668
107660
230102
264715
485697
875731
562220
915827
831917
701268
672506
403420
642704
700968
154314
785883
665649
23967
216204
432171
533243
370309
354750
869606
639370
615740
206330
919022
956739
723282
814307
827805
56078
707044
674627
740178
631458
542874
361484
508205
499223
619966
844668
967574
667935
112074
282405
113272
292158
935259
440516
531231
506267
674142
934806
963413
482836
564934
107351
148685
67975
343692
264239
497832
156433
988119
440672
505461
521122
624633
719569
981336
174417
667912
818776
522227
713425
727081
263564
434794
975286
785237
334044
529752
383336
994816
98245
382366
259511
299154
179628
227673
889192
606764
347876
32116
895083
49173
596066
954626
957236
430173
590447
895148
721418
880940
836823
357815
685821
213903
284224
934302
822694
425524
493375
880100
40745
441588
662849
636354
458410
837434
372746
975090
371854
995159
554683
624023
279031
627654
477596
962880
914014
403749
888545
721226
950510
65247
963464
319640
719534
826913
501484
142327
319744
904150
59014
118112
788942
615563
593957
403144
862445
133259
326560
510655
712643
165877
178620
172123
576319
481507
807846
560244
82855
318931
13297
825820
17728
778112
411257
661559
136345
380155
877641
338851
426634
157527
355221
315421
274862
778436
110580
621572
998697
675865
753737
469703
128669
653618
800210
434198
458147
238724
669907
195501
817358
326363
122683
538327
654146
110689
529029
863157
209871
503859
318472
243839
644207
562725
919070
790271
283005
405598
893666
704644
219463
626694
934884
625492
994939
825545
359464
976908
796137
759377
90857
796887
657184
82496
294229
314194
318218
643293
758778
642765
553828
550759
139332
35202
664484
735175
224593
189650
54280
44481
671872
452235
747428
718434
125845
566133
422158
283963
128670
420645
928407
570640
594927
882129
87247
960657
524233
401544
661816
879014
834816
756668
963974
379532
179308
146172
946537
697777
430740
915416
316801
970867
540129
547322
652923
538722
437447
156821
88438
530928
646134
59047
576038
36788
953782
94937
500157
779998
80666
469119
127647
97248
204871
186645
230737
361576
229110
300021
848070
669777
200068
735233
860155
881127
655546
519759
304365
673118
410122
508655
52940
894641
658038
598372
25901
174291
535600
658226
830240
770713
450895
817223
568752
102880
36734
560145
197899
279454
397678
357294
368898
963998
1454
764486
517424
651876
707702
666573
573993
53431
910833
497229
610609
214492
640302
491677
275020
120989
904555
888238
636976
964206
828145
980808
997220
697609
978943
770886
566655
998150
110123
215152
482025
472881
715007
124059
167853
513638
297836
492647
500499
102594
32626
765105
255270
435637
20817
75177
47478
384582
234679
666724
833317
95315
822361
86052
640266
245946
998429
645829
280536
369801
694759
315970
144516
59299
724426
969543
252802
2410
80113
568788
601874
238121
12709
824283
751637
812109
134149
463598
730409
938949
120525
133006
975245
767839
551817
677823
273446
73544
484258
128302
690451
257255
408712
512075
139194
472721
667652
622032
223836
836100
816722
270879
794394
664698
627507
419064
420028
904723
362855
156577
486515
825479
531299
432306
889324
784954
794004
107974
376121
408099
197644
994267
820330
353834
27007
702656
731816
183598
461864
586535
457424
608181
671374
209257
106078
478743
457710
661306
543245
773774
962666
972525
849748
13258
561724
694516
685856
783108
276535
809436
432478
249771
309800
658218
22165
554098
105037
762884
429969
731423
891464
362116
575266
552246
669514
737687
367668
685548
538558
805060
466344
287352
332704
983152
863298
76215
816559
588146
13085
248506
557790
865850
943005
832067
93207
371322
739419
914275
302714
675975
877649
302355
425208
21045
82685
185407
670429
341197
524966
292265
447824
840519
235688
248653
980943
593279
748353
91714
7190
1357
515783
546251
945994
169945
997240
480526
675779
472324
447058
907651
49584
482788
246847
467213
581061
378842
727370
265072
81451
392130
261055
894550
328288
912148
533409
990746
289324
980750
439432
976226
672028
753145
831409
219051
782777
712271
579976
613104
672600
881312
723668
900523
910932
945178
355781
347663
424891
89964
240888
766366
313002
526081
991249
522244
177648
364627
823954
973892
959976
70247
881411
432184
146900
571006
46605
147885
263816
636816
859016
723710
784053
742129
719244
397195
545194
990796
194579
817404
544165
558403
540006
561104
303297
107699
106820
305169
940715
713856
15404
797586
971878
967579
873117
687525
682093
681310
892285
104713
249958
712032
633385
556525
919405
843522
733944
876822
141381
505867
789950
715138
551777
313307
119969
863516
350849
937324
503247
663170
710851
585349
840959
969514
365007
442104
418303
410849
436124
224330
438112
452983
45465
380495
612528
382459
864715
600589
922871
428588
927445
799288
336067
998742
30477
943000
563049
614669
422112
643801
987750
537918
212170
882026
407548
810689
607123
935074
656333
459360
204975
93377
974388
522334
313308
894262
730808
755646
878624
82378
261432
952188
320843
745601
719956
860484
251450
40157
296803
836890
248714
475589
777968
510090
868514
148740
995915
802225
446960
131381
302657
389334
133003
793687
237013
114878
281163
300698
880914
881342
446903
855200
505878
129880
651997
791596
740821
997214
86702
605026
232457
168939
396239
575626
615755
454133
529901
193468
877797
553059
581109
453429
124786
657
819871
952184
865013
282672
777202
330786
624147
340398
39654
161085
382571
446297
664943
589115
777677
363086
34304
782741
689624
223364
544804
957801
135683
188093
343403
121668
401898
350480
723742
88422
604557
175944
5646
432398
97219
49860
927583
620183
104439
771363
710982
626089
496696
456662
621328
413047
422322
152628
168811
940659
788113
430674
521735
19284
814087
535470
942334
542913
399485
2745
750200
981598
746864
795507
24114
290046
507737
164939
149319
533856
202482
989830
68391
379528
427130
632260
198855
190894
868610
206282
81560
524766
438417
759097
990167
300729
948937
323741
109962
400051
696942
3954
850578
552896
796112
852658
216781
491890
822932
257535
355129
835938
311545
257536
883058
751673
913949
442775
300014
149699
379732
521084
379727
23774
758339
51462
175581
732710
410704
63840
980143
578284
114078
111672
228546
140749
799176
106248
601870
455541
936715
582170
896009
323326
539339
360199
632914
365584
807139
319226
35436
935198
277276
339648
836139
207740
148918
144567
647473
734283
735529
916107
558327
965557
165364
381268
36126
246763
371638
105377
103163
376785
856901
194378
923054
180013
918541
911958
435996
336626
686015
401983
679719
905519
425107
537257
281845
876700
477655
447706
126706
472841
6699
446099
564620
3237
886538
922637
2290
954416
127119
499290
189006
37295
938423
33245
60285
51502
416102
245380
692803
451704
179763
667407
306683
97269
686359
177458
496400
451334
739616
187058
153385
318378
198161
555043
716775
197634
456617
82324
840622
234212
288628
359813
951044
237976
554525
256880
109978
758870
310026
970739
111786
160188
490162
743529
972614
906013
905233
709723
702974
512305
169684
21267
157827
536111
538636
294314
922661
262444
173429
596963
103599
507022
17921
952795
659831
848972
37351
642791
821876
556059
109196
519763
363317
850030
397333
623937
443729
765711
950897
592562
818841
753968
380326
803171
239088
712959
501485
379081
74576
845181
975620
676175
122246
551115
236768
403837
152577
520557
858510
685590
254482
70502
442638
605237
623140
619171
758021
814440
386251
523785
968399
84340
849296
413147
69743
876626
481447
832961
240369
953201
456388
826470
998407
501793
296646
247615
652228
229909
354260
511924
774511
404726
13058
444780
552329
448726
417959
655820
296377
443035
311986
379504
219738
399890
51057
337944
682678
906862
186039
828749
743639
794296
97489
945218
858524
178340
668459
817771
419590
389808
135572
982301
449219
682042
659515
17048
964854
15165
712136
121970
457232
165460
988782
225032
84301
865423
73189
586982
632759
289494
258139
429506
625200
996804
354429
419278
137914
660621
23858
639218
241399
991321
924410
425538
566719
503220
12856
76122
434309
990608
309637
267938
611126
687133
635497
458576
727285
173243
298986
477357
369318
201634
456814
945446
397370
295417
215315
81228
663330
419335
312161
214538
81175
601835
623572
296411
544606
858965
158733
448230
922400
118822
414765
805478
857745
902127
479398
138804
624077
832058
116306
573650
340407
374164
932410
544213
249989
517294
798996
82832
327731
326128
142136
201600
56695
489370
721923
697226
308861
979678
460700
947464
904530
161283
874071
732154
916279
437523
536121
970818
965875
188833
892571
885995
233309
654916
941634
924231
58555
550343
255860
50697
709924
517315
14673
130092
702921
331058
246357
338324
940154
817705
373565
129339
523391
57665
955333
318882
880099
651038
131093
192748
964295
72158
622479
505955
561072
93269
110120
973621
992530
961809
693594
997142
589132
593527
748309
990615
96290
962371
331618
689897
41124
308912
911298
509995
522268
107883
13073
774084
388830
187924
326569
538400
540734
135678
433241
601407
111693
719881
781126
228455
180294
478490
630660
261
8026
212113
279248
521336
612829
982099
17427
382938
395760
375238
150516
88700
438194
881263
890209
101441
339342
866125
728779
539896
417526
535834
77135
380887
287628
250895
689022
849093
857675
736958
611625
922972
703492
223388
422246
932545
9542
832904
2097
71912
175584
305022
866563
311429
420992
597681
969396
177861
851730
329764
605270
544386
282849
303792
585229
409294
202514
70190
894801
272145
63997
648203
443744
195356
10023
221956
46945
414426
386416
930091
322775
229963
837942
417580
58034
907292
36995
478614
257169
797539
619696
783682
427691
852507
104113
376394
118611
481709
559496
619889
94026
842295
744492
587946
441653
79772
881872
16257
969859
644197
874004
502601
984368
703809
625534
168770
965824
475135
946777
534872
339330
883035
933843
131409
775290
192605
14360
390810
330165
126822
160792
210614
407071
359622
591707
932420
960349
374
259063
847337
248745
506790
675146
484994
364228
690551
910844
783221
554428
208085
532651
175664
383244
87776
66929
650319
178181
820977
352090
130993
444120
514240
37677
693564
145741
67604
184418
621181
447281
329574
620922
431497
175549
994355
746791
166869
480996
533502
260317
318897
395749
288663
698886
859773
361767
719990
80213
761309
117087
675986
77375
426555
802860
19810
102582
489975
204492
844558
581708
683470
20102
917039
10233
109419
591492
961518
741043
111110
938899
281621
41352
280197
613558
770721
80451
966880
574627
960890
547069
237032
236491
271676
605342
707263
165142
79074
58443
792238
899747
628824
901367
622939
189657
650303
741695
858327
27253
88046
223147
399628
131013
813898
415266
584915
302194
227333
517399
994350
898293
669521
577058
956845
766370
960284
829431
259960
948954
743937
422390
349570
503806
156651
612170
6821
408097
206361
924715
77181
975548
763288
368607
560658
752222
990389
222761
278009
528751
541552
41938
853539
249115
809232
835763
64070
599277
688112
261052
324112
348205
977102
934535
55878
615006
745420
579003
183189
281499
332434
198846
210795
210323
751347
498411
943064
261123
866382
609499
370280
480453
999289
817089
673672
982074
356412
616727
708513
406059
568388
168046
910915
433061
614401
454192
991318
601371
902963
755119
696823
633913
727615
574530
157494
834745
961631
722001
506243
983014
815309
295340
82267
992286
735864
665942
479256
568978
948507
933026
832607
990238
146578
352883
828408
665341
299428
718307
983560
447589
310039
739818
592169
548286
729983
169646
45721
300490
764670
762089
798989
731138
952859
622865
221526
282438
539941
691914
980913
408564
790889
438766
708123
285466
89768
285015
339667
461981
464274
252440
760167
190033
484980
854599
172590
989701
112715
690638
310233
400253
234775
922248
717008
178191
553103
463366
771929
869989
760907
160965
342625
642142
62626
840925
948682
467497
803232
574675
441158
56559
651252
767285
314056
250291
731823
624043
271631
619988
58778
236256
977889
710846
257967
525123
571709
110444
433730
973880
994681
210526
420021
841431
902261
748883
155809
518546
493469
529323
29490
681561
195674
814585
969724
209845
768533
7956
848317
143831
283752
186545
224796
386906
590817
401772
5382
442847
743567
455813
933287
491143
789272
366215
927500
287136
11285
129811
994849
760301
32051
672738
541050
782972
137920
342776
507945
452502
150012
475736
501705
371452
204295
440515
622989
165439
555000
62425
324787
144507
981560
698924
133806
91592
640812
884321
59911
230514
163352
734479
671513
822442
13101
941376
687972
850225
180854
731807
692386
863512
692943
72131
529452
215841
584751
93141
335370
810324
874752
818817
285589
999451
87509
42500
190194
989416
393255
23099
669656
390250
210925
886444
604863
893305
828776
688585
479146
998450
299814
612724
78871
151126
303652
785303
417235
207335
333790
853234
354843
663635
631703
150164
481610
39840
921506
35574
149966
421122
939896
777949
526373
828556
728731
403343
61737
773440
717226
66664
316740
993862
614385
534141
291981
730751
435724
831537
81857
856125
99967
435723
231562
606118
495374
724206
919961
387843
675629
291638
600004
648579
563628
354660
107290
417353
640683
632910
114167
194771
523565
606215
200252
880670
71042
942218
252916
880474
209987
723360
266735
431216
223156
498301
31550
610722
585683
558586
774295
43076
843340
369676
71379
15478
556916
722404
502898
333938
674853
907849
45223
263070
524143
936816
879425
41412
86436
601623
521920
192535
633017
687606
433715
128837
250466
374228
854657
713543
906027
204552
159985
667435
274033
266799
565424
152085
701492
821886
907649
380080
531175
402274
850861
115654
939336
460045
398036
202874
851330
436310
841592
583780
919917
29964
126858
634549
733970
792954
430974
477716
194218
313185
833983
279391
445738
50213
361225
348943
429637
766825
354089
137966
931475
149479
219990
184558
571932
443071
206269
803090
392232
868397
636392
248605
407789
54959
260317
586697
871976
571363
827100
689462
179359
284546
606159
409965
615895
764625
593112
752736
706211
86241
545953
198452
967195
343394
373317
358162
119416
234579
878950
135967
607827
742446
261296
283401
191393
609104
445
599079
114115
384727
857562
405309
200361
161886
167146
807985
110262
170584
741754
482986
554831
28306
930734
886923
229187
910348
257845
669802
767292
939108
171913
91007
772921
780841
348524
925698
569988
768400
572251
74923
372508
942514
181635
770727
932135
363512
424961
424316
272491
852939
391322
568099
702336
189041
819833
742857
264210
336894
982695
254059
590716
365644
10854
767295
904912
256226
350733
228445
819177
21746
606454
379045
980840
542978
928500
277985
341400
780666
35553
922544
446512
760511
967694
975634
320964
945040
600878
833554
316339
442456
433313
255605
618957
970247
450672
766904
717275
34813
173920
156670
248482
810451
408899
418875
230982
68888
893175
145515
856013
504996
871940
170663
404920
434248
848854
889473
99065
459634
140289
945055
221738
79106
68594
461515
518073
996691
10403
940137
990117
980937
68391
773723
893924
848273
814452
870683
282154
56073
888129
851401
392518
895662
865902
120329
975943
184541
561822
804993
816858
867385
549684
848885
286434
23607
29329
147687
354608
474596
533110
753499
364197
141177
877747
7678
182693
196994
743326
350027
875954
633302
377644
921966
798450
540347
341126
184952
864792
930871
572879
774962
392773
915407
184013
172897
619811
585301
642028
166744
98763
64299
787016
428925
203806
770671
853832
505926
796572
462307
975700
987950
204643
65877
667554
728288
480481
750655
934365
80144
304567
241928
8063
983114
294135
724091
112778
674837
910769
878644
783436
487785
407106
15783
818651
951523
976774
295783
598871
366330
457382
140812
2339
274065
615608
347238
781556
856995
342519
884220
418447
215095
773122
102496
560836
964234
556227
851790
482815
985610
784417
977586
745957
478643
334260
437892
160780
646914
428918
829192
943691
6118
130537
916516
640046
307271
937428
836887
757403
222516
410016
543311
950253
421386
439733
105609
659690
806986
954659
576295
275790
951576
31763
656791
276652
165739
23979
339043
157292
461913
566579
594106
373769
803901
382993
485609
198521
387120
628951
109570
521101
375929
803521
999867
775965
206167
448020
768850
99834
400016
321326
799703
751471
685340
13621
236620
337190
237998
376126
236692
717155
199399
219072
416036
325431
50568
53614
986843
903379
988613
487427
4002
510587
193891
491125
359061
944566
752415
899165
831539
478823
945986
926254
568498
552392
480527
520739
850815
251463
196990
928746
78736
786502
779340
938997
169887
688649
830989
409921
6532
161564
744872
943846
464543
738802
990386
248758
306521
780214
304080
999116
147898
220583
948326
151148
548705
513423
192813
130282
418810
976932
561490
986322
125990
300518
238160
565122
57546
340695
74443
826199
609997
748237
54562
397011
415559
564007
409833
880633
234159
788052
520739
770805
796724
529738
49596
875483
353255
69985
747732
263018
227714
33592
780515
778535
972257
506146
492687
466553
185199
527361
21118
65794
86969
253563
420484
352832
90873
211759
610513
498860
241300
588097
619989
615658
213153
465278
551405
500896
851995
193339
728658
972605
587025
409244
8053
749269
840959
520660
397231
956199
479752
16913
894499
28751
186244
439489
629565
74997
647443
952916
493457
661167
838911
448863
841783
723737
298171
883648
856011
96181
411462
420987
703192
681341
798552
620589
33374
562087
667133
942069
133499
736058
800173
790051
101702
619901
729205
8326
903909
812524
368855
146103
406262
971826
239381
782871
13696
120653
645908
439718
167230
208700
741620
477474
472856
435197
5959
503387
643088
344236
137443
280227
514562
774158
611128
975416
770872
450565
455517
909464
145376
710101
976614
384002
746006
374700
255563
563152
265767
929899
93980
732166
865755
805167
413363
736115
621571
810665
614710
529749
506354
114735
995878
635062
58204
351332
319317
578664
714073
250582
74229
246724
564700
695360
853698
348482
842733
804350
647558
275150
774405
822902
359684
237464
757553
177063
365619
757825
956030
531930
301414
178863
514160
831156
795390
668376
405933
817049
619611
143967
556170
253180
130530
815358
279771
507107
5678
696363
221325
449966
306897
710320
538978
852138
263315
90871
584655
637542
590515
837560
936503
541480
679557
285651
822739
696018
515600
384134
839236
958282
160484
901689
394384
312989
293545
252849
272838
379077
796729
373212
866945
878227
430362
748509
382906
698993
460465
253575
523724
643404
128949
938556
976229
380688
833991
846409
805404
668022
687472
914378
150760
967265
493803
11574
210881
284511
935392
386376
768615
740913
995317
38107
924009
663874
123528
642483
795408
70017
117487
150333
232181
181424
894096
282938
844117
544029
287806
710148
836067
956177
924460
478423
37199
516454
901646
988023
468232
377237
429817
719262
362049
419232
109076
571501
856052
275333
744900
69954
274156
599618
856018
468312
941744
961670
538727
429897
672900
13703
767362
978203
765236
958263
854647
396171
983164
624036
365261
49439
950341
57416
36217
190083
145127
5204
94387
505302
637104
410606
634091
729972
458463
963425
350921
636616
276601
934679
169052
759597
498112
664952
893694
133268
202794
53220
63141
936450
850353
139627
765833
478609
288533
699283
662132
948609
641678
153906
522204
260547
663342
942323
820790
391198
956300
203952
322299
386602
713677
253128
879046
28247
624457
249297
645407
641395
552779
308220
369808
911885
12309
475658
332397
850243
175725
457629
36498
442754
798104
872902
428083
998318
359158
867427
418379
39652
369473
929667
439522
570253
2863
813670
634824
583089
756053
743233
188411
599020
274827
58474
45
350357
363380
411916
355952
88073
185503
25812
793077
659398
522147
824775
207076
753569
836826
515616
201847
591458
660966
820826
577086
983697
144886
536061
414441
825759
125850
597324
999392
588414
654309
861792
850983
722174
693925
758496
599900
739351
433167
338898
834649
334537
517284
255193
524911
526511
367237
125926
927567
58461
954192
438031
923091
126787
741396
726820
85460
981262
861601
609825
534996
479303
352095
157908
361292
251026
45599
624499
973684
743724
480803
727039
87799
707752
475326
739318
481320
104699
856856
27366
609722
208975
301075
251982
17108
663319
418285
643814
586132
440122
852584
519867
394235
752393
726228
406257
778215
602882
371550
800841
237834
288150
818599
303407
654169
166596
258194
777512
425040
931304
458217
731570
506089
648167
681759
644761
491998
964722
597414
982197
446833
769596
827649
434281
933258
649010
398267
184245
544796
539167
512789
216449
114655
446044
365506
888292
671834
515063
137547
482820
864883
583822
801070
839092
772605
711126
787862
618318
798668
142800
849232
194143
334932
322727
592903
520760
872919
11164
510179
926908
682814
171385
394908
117578
771178
422877
594167
120005
505177
263595
281260
946260
356807
291419
499040
736967
271115
21146
307132
881733
753908
730798
640797
859428
37376
717544
506134
521279
773682
252092
141186
904419
817313
67297
219073
444622
181277
423235
641106
395495
641726
958446
238295
73557
166775
722946
862429
769399
672951
908413
342104
132677
367320
964140
754073
319991
147884
930530
400534
345921
449849
907333
231877
967277
385860
371690
999012
622813
622596
489135
568763
735393
756046
909089
503635
772664
959634
474777
335786
262621
583126
261592
392515
500766
470649
430297
678168
891418
226353
659875
355733
231870
219244
318398
492584
623009
560712
468650
709925
802757
506771
383758
28353
591044
57984
662895
50126
807350
123925
758413
986869
388578
584583
960329
408461
466947
621846
295533
97966
409485
886057
94378
939274
50787
501655
429602
600881
67515
870006
715165
909001
552767
487218
69440
730846
430210
552806
903354
413418
630036
571979
963002
454361
144752
569759
617219
539762
547229
945559
339754
805449
132097
896678
719517
391473
976452
996234
888769
58532
955684
560092
94732
731515
713574
936097
132932
153915
170187
692262
922474
385796
343953
526153
99629
391849
598662
196335
504824
711270
489785
526881
777722
60403
752238
388903
135949
83696
30443
700483
229877
347005
258211
189350
905020
769868
737497
966736
890496
961261
588832
55273
139536
153903
115897
871224
626202
171853
267905
212186
480315
84308
76661
340779
736268
212552
800240
528878
224617
845354
715760
233382
726633
684126
328315
592769
350699
195810
609435
517072
126242
651264
54175
200482
203250
511202
481472
966706
709913
607186
871865
44496
26612
43668
179363
593517
178561
868324
406790
119064
273609
142249
896749
947390
22979
116766
349053
853697
667697
908978
871964
840631
88419
903723
924408
895873
553054
271920
187985
913942
710465
513253
387279
310272
650378
620584
565109
418282
207245
781368
980935
699351
458858
884249
69997
937666
218621
138368
568307
403082
997189
574396
621244
950143
532236
551646
440568
93083
945769
642803
793974
91412
667156
167374
293456
781326
909253
669229
540175
534269
832924
109099
508264
980000
306324
180534
552075
318529
654036
206434
446322
94629
928467
936548
55993
892979
725089
543583
507893
795441
419779
163755
421531
643245
865794
922500
984394
405644
690512
946955
437505
911514
107609
652118
27627
489445
463940
830479
469506
632455
334906
255462
572980
728207
286655
58602
55255
354336
672858
102377
218072
159233
265080
303280
275945
413263
871057
835894
102419
209947
861323
325947
812559
332815
726144
65012
68554
953241
856753
504751
420690
106910
179038
686510
293582
248259
195013
48808
730541
588720
673769
980785
462927
870935
229610
50719
686154
744260
507272
39941
348781
50171
181698
326614
487635
508223
426098
119724
356449
998611
185068
390542
199536
115801
94956
841670
779035
341710
598064
949425
660353
616824
298601
620002
511903
585310
115647
248489
880298
354530
442950
748248
122611
770483
226893
458656
535022
195816
883696
181958
180213
374217
258294
418691
872046
592228
147416
376208
11570
97823
712203
770261
695453
111704
978464
728606
856841
554911
795871
769602
767102
143625
559259
729001
605916
438870
928767
306136
668204
713142
23966
962929
83997
452075
716311
886758
804154
766545
583715
728007
894197
13312
641142
958830
701620
45784
449456
185107
175118
167845
645407
500103
98471
155271
379488
124547
215934
503589
230745
946371
267773
204024
189613
573157
254556
546827
759900
101683
133257
553789
569216
967066
905421
947963
327084
710466
788992
304468
209474
33089
382468
555401
837541
847294
146780
861432
851468
241224
909587
156026
199733
878602
563921
186144
419969
120774
622298
10054
716141
767257
886998
859372
440533
406546
132871
842980
308769
483298
227959
580346
222955
524306
624099
250112
426053
560115
240403
750638
428777
349449
558038
191739
156991
630849
851033
632619
444291
833966
660159
355021
66965
221851
425862
321741
778750
271547
113873
111907
545617
888627
751184
374192
441692
463476
747688
792311
351925
737458
383108
533030
8466
757846
74059
516820
137642
187133
454157
584501
819345
118923
683566
637410
628271
803619
965403
309511
650865
377493
336381
772467
895460
42777
916359
544173
207423
752665
141229
626743
37293
847685
308992
260450
988514
458586
10830
653027
627779
771422
344604
304367
216206
964108
173734
804973
978605
602590
478623
447530
306086
802912
817639
132305
876058
672308
633326
536467
182523
526566
962419
984681
685514
43959
30369
20513
843887
552301
359242
296986
465559
295741
190489
526716
964003
257952
37788
391459
411336
876406
776311
775234
449170
907185
405321
119339
82586
392035
124771
854944
735378
744823
892975
677967
139770
460407
251708
32349
559922
213314
272063
688113
698212
30950
587127
437497
562636
188834
562397
562462
554643
768542
212735
728118
449578
125566
569276
877273
503138
713779
921613
779017
849285
122657
11708
113012
823822
83382
108622
232905
600903
364588
10038
542196
95185
195568
186503
985919
596905
524077
706907
82275
998111
7703
587732
548924
342323
35681
115204
683177
610800
749037
56853
170445
185608
165547
325094
874008
514409
692298
31261
249229
547348
192003
459080
761718
820824
747237
981363
123350
212563
6912
242040
297319
50879
787127
706614
583702
100364
380036
520091
475732
724562
952351
360829
272880
71743
674605
65215
62221
939147
906709
525396
380078
907693
751750
764979
762355
306282
21848
252042
941405
266171
751082
15070
589600
443465
80933
689776
465222
95017
944083
573860
205899
391217
464036
394950
935401
545812
740714
520520
815966
855076
754213
735864
657617
200172
244751
974390
137211
779082
970545
778499
877477
488332
885057
236592
951677
504631
869364
973368
764721
454596
730451
207679
687230
296567
975248
480746
355149
749217
474485
569615
812036
567231
301857
506715
603120
868020
573101
9323
517357
779103
174182
933141
853972
318493
546659
967307
858439
393932
367432
138990
422094
808770
595430
20908
636654
50391
658400
277796
40320
118091
406933
472667
65748
20646
193770
721943
174943
134858
261396
677570
235812
291134
231701
858059
780359
593560
703449
617504
516369
876518
262350
648448
733003
233433
354722
419567
229423
630723
430288
999802
888290
183876
552179
419700
871148
944023
955858
231244
139265
924916
760518
827576
588240
400163
743937
663813
926945
155340
758404
487613
825532
621733
67628
814322
275521
8341
672716
474245
501980
384396
456315
666846
862069
75525
235353
785957
75406
232462
82655
593003
939149
21628
209932
631891
995356
964067
955931
72146
716622
576141
367746
413151
362733
389418
538521
461441
1506
232609
74434
534198
327843
934569
356264
54307
210231
649928
261259
731578
281644
746669
218214
770678
36065
833891
869603
593219
993729
270237
967092
980820
147582
617965
361880
597459
595632
343242
541022
791298
450605
827368
411921
612192
449
416756
937440
885154
807105
595208
57392
620255
851420
254724
794444
569163
80734
661621
837187
287690
46723
874228
855355
96696
619700
287429
898876
997480
503562
238788
94796
578655
509083
516157
98334
441985
440421
515413
955007
638875
5368
488937
948355
377741
699180
999172
831255
486950
20634
498342
22881
8748
501159
868864
16268
389925
160389
221182
78460
378036
887289
307641
255307
939873
50758
348161
212579
959135
245659
900757
166010
138670
165610
236491
944516
305725
596185
782191
57359
141674
45924
601016
182033
776251
304729
221964
294149
898899
505911
448764
236133
655643
113499
764174
181972
810231
365772
357978
681337
692738
82594
380959
793091
212355
185462
716967
156951
845615
232754
47602
246959
221544
854905
507218
399706
73637
133481
202625
589187
206760
285456
29368
404235
722537
132558
810012
883597
549680
729652
13301
786403
349592
423520
178820
504020
269980
856662
791603
774621
726806
915109
891725
77901
616177
140658
22003
496812
566456
497188
674996
754371
327348
555032
704446
312368
112119
783822
221982
735214
326551
849853
7977
412515
124173
722470
131649
821764
702473
680619
205807
544106
54876
356784
958147
537905
641934
331012
151246
352435
5751
238031
57549
93943
279046
529039
131771
926626
367045
424090
42690
839536
92116
481311
415453
475910
926350
399841
701881
980546
912048
745149
773489
405778
566923
707849
859793
174088
241853
216313
854465
740063
204905
903353
195857
166220
220485
292218
323812
397967
663999
915093
964126
586580
415062
368767
850627
164742
353789
587613
440269
7734
712643
145943
431509
763503
882650
990154
535759
724944
815723
915444
821573
469441
193251
914681
793333
37492
992820
734765
678640
792383
871554
99537
542638
886578
992968
53495
575483
587966
517623
608577
976723
407243
583231
950956
167649
600768
183000
493207
309512
348593
101334
447586
310442
646126
856472
542934
722735
226423
633960
600569
280777
911451
169303
469091
489155
722593
778956
19935
214190
78828
689968
208140
999820
913072
720525
707384
769686
102389
445214
953724
908549
535346
936297
987095
360924
324544
932029
557181
37250
338765
201787
215547
645283
502988
768590
460616
695204
117719
275947
902974
378380
526379
877968
607513
742050
287477
180140
983647
858621
757292
455513
374903
124662
488712
339700
748971
664535
190141
736458
498566
179008
689856
593928
15181
270874
486800
757880
731448
654043
750715
412664
947369
101516
984317
57086
379239
109134
236824
750646
271915
416991
253240
912560
953993
95899
555914
99617
344300
799288
308834
612679
845256
306077
258499
141199
818161
785555
20001
212467
92968
470279
82236
598521
464567
922890
810876
881075
945410
365894
706861
270583
931681
261415
437973
40526
695369
985853
312450
393448
63202
32321
263735
817430
260373
996523
510094
457897
448954
779102
390491
123150
441968
6796
340383
921546
953803
497624
868120
923933
802971
732148
211350
12303
80567
693526
980680
434036
567415
883493
248406
17702
400456
622402
31640
198671
424546
329478
12975
530770
667414
169360
493365
794782
409410
918808
393168
7787
537626
974848
433441
790642
404555
964922
439952
849979
641924
799672
575440
742369
874655
491780
932636
621436
714722
655278
877832
837723
436763
360807
576409
204335
582148
208905
134284
374509
495084
279104
137744
672790
663241
314799
221869
617804
82267
219371
428105
402903
468286
791607
1344
515499
982836
539203
500237
248688
347068
601088
186476
165376
403763
339791
299184
403355
740924
933392
445985
663731
137418
385397
465780
433058
316085
14673
610726
891195
955449
508480
598369
217959
613664
181679
539655
59097
888991
129239
468256
884653
727156
73036
642475
348233
913004
512584
618898
296860
46654
428609
120776
607582
538337
961231
965553
747153
689702
331331
579790
459560
987184
41761
815041
552482
379003
461931
469037
401738
674672
749631
722967
996380
229521
116826
21050
148285
290990
409189
687370
918956
844452
784735
716606
786255
769755
378254
129339
479257
379804
283351
436036
13097
549590
435386
747733
589854
282966
153561
490875
372697
186832
512915
934175
29559
201958
824642
694166
188576
485511
86937
83443
890214
14468
294969
863215
678803
354015
526565
592255
506051
770125
808671
710311
267521
816886
797644
942124
314749
662630
799065
779278
312006
428399
885344
641368
39782
954903
661079
583809
668110
89286
115538
996983
758607
718078
713482
365739
1557
381380
710532
880551
730565
817581
718285
320177
655495
274338
186583
372262
920995
331125
783721
928995
694273
392839
958558
456203
83456
161385
421316
84972
617009
160318
398609
925271
739812
821299
280423
329443
754928
30723
795053
595007
556535
573255
364324
398953
647391
373401
261584
978621
654262
584595
749021
106751
919073
890985
639018
689073
97606
640370
374575
387618
190178
923012
192940
635517
197239
600354
756967
35511
870561
589899
76696
13911
36829
951196
985823
448514
13223
305210
210420
570258
996240
539208
524030
151280
41782
917484
868174
643429
180100
917081
712590
818880
905762
177683
559011
106786
439789
375278
376232
581792
825528
345151
689469
138501
936477
401211
861262
160425
265954
567204
603040
337718
424611
334832
653478
226363
979307
292957
950548
893762
907451
410555
520442
786719
829079
928946
568323
962542
826961
120040
755134
811482
821088
259252
261238
756242
126585
730466
653281
386881
711750
694608
592590
781308
232905
657392
940718
853937
992295
624949
704701
176593
743044
83003
520202
359813
671865
321599
11522
451348
11698
501569
432508
19107
962114
545505
225367
129629
749675
305887
483472
644574
653306
678249
202313
130533
148964
805344
438158
530200
120609
687910
267227
751139
337133
704239
971157
434532
17147
71395
133394
567639
934048
370333
672778
820813
47117
40779
259430
709441
793346
791998
228382
858451
891529
881239
228328
165397
283073
326914
287966
401468
656212
473580
950163
912183
659534
670982
609453
147329
467193
437174
630344
130212
801090
302115
907472
552312
286003
92962
839856
135514
290018
515575
674346
115106
82423
279079
8495
119630
481770
942266
597852
940244
244669
678995
417951
211131
387875
271158
571108
290852
481674
148145
28242
789525
149512
227275
958336
678850
699694
234816
462504
212002
37221
251965
599680
989043
362066
734559
246813
462758
510859
623405
451151
101983
238563
362748
948870
76463
294145
157296
384561
678273
578741
595714
854760
987983
398290
924759
622759
418946
778315
329392
852711
337695
232629
766152
759852
178516
368263
496866
897932
296140
929734
587305
23879
218507
693990
317421
163725
209012
497786
280177
410486
254924
589332
457875
380320
725396
329432
177810
434994
262678
824280
604939
899215
942873
532024
702511
663810
793197
442056
305718
488026
938132
574713
959918
186885
101227
430265
348862
383390
951159
454819
670388
301148
503450
104210
166078
634994
422920
656452
744159
516484
33153
734125
306108
563080
319677
494984
599446
468709
528320
494922
975789
806999
458867
978651
701326
678443
783634
145445
275157
531891
747520
388575
506492
397164
86506
95847
147877
640813
804093
866268
927759
587094
678829
203282
707560
505767
150955
158153
462991
318239
600032
464894
53914
133404
501073
790994
457025
563701
27071
904752
568183
819752
851654
610157
235730
521969
434125
106296
235619
998437
84429
888074
523764
850185
669228
574594
204697
445261
28128
676680
540348
341916
287461
415028
45811
749935
419463
208137
818865
478592
258490
61829
897106
608910
251626
489562
86524
871858
123895
673519
757388
435047
145008
430370
41544
29135
609913
497893
794098
728345
379917
678785
789290
855728
439205
884821
396361
11116
125628
333499
613038
331698
560645
107818
535589
500580
716990
169296
330478
119111
226621
625808
521646
317577
707791
82317
687640
996600
995111
949290
53414
933082
417631
748900
167395
78812
204775
238181
673316
399178
701784
98048
480492
366285
669873
748088
485490
632037
643631
141408
69958
104426
315412
405346
624892
201
236640
54317
610866
805881
244511
844487
481995
85703
195052
906493
372486
350005
58142
89655
777154
646413
222324
828033
254489
384382
203220
230216
681059
88992
131512
559558
705740
293966
608783
816649
39707
341306
812737
237859
997496
761051
958619
909053
715950
441974
284687
42049
547716
52114
424669
70048
933834
370897
418469
922816
412485
154386
637692
44509
976057
573875
861770
890987
53666
752165
277660
557387
695040
781492
433271
593177
100360
288807
578419
893959
298121
945563
5446
4684
991033
943553
657263
617371
642217
680249
262095
587277
613712
154469
467894
206095
542086
239547
482132
381482
360949
238078
654366
589871
14528
868865
472826
1053
391464
271150
315771
96711
664007
813376
759699
85535
790852
198715
996651
440493
209037
6689
673496
840136
425506
751541
659662
228670
535499
204204
867244
752941
763138
864725
919861
766707
746862
230438
191120
39508
359645
593000
930202
942128
662231
807232
44977
591307
739577
653732
716160
493291
81956
180089
745494
927773
630253
262682
605295
905950
193215
189059
892039
516893
283073
918561
290675
971093
727260
971888
906682
28322
899441
564528
100030
233011
8353
293900
530181
257077
819687
956817
877403
475807
88736
208929
439019
943181
983220
600415
363549
319985
512118
683066
105964
562157
681232
476199
566728
927979
384332
885790
582048
193196
51334
317977
193901
889812
38481
147818
210955
408317
782291
761455
13865
690466
360674
759731
435830
433533
213315
729990
245572
787698
402395
192688
240960
818826
636294
853374
334960
583508
988845
661017
287040
465467
894608
418589
542535
335150
741336
947330
618137
816356
525505
614158
443864
820011
618926
698161
881067
705044
387552
802264
823766
201032
508716
390407
342248
148792
283173
686297
529366
735880
506737
169328
94382
469513
852130
640144
998899
214960
887239
114441
378667
687651
93786
966727
70625
28618
785987
931346
583539
346315
336556
651753
696684
199705
548446
531309
624837
41396
171254
216635
563080
41749
770404
608759
995693
715738
676454
664928
551864
228932
863565
759862
748582
859132
315675
17584
926468
224850
280469
778739
454028
5982
389710
355865
237908
321453
24476
636143
594273
445495
21976
197497
88329
119550
389592
243872
229317
432337
799654
437275
49916
44250
954521
104051
646055
276153
375354
209688
110841
9381
743041
162903
336084
964189
411551
4217
520634
720443
875173
819644
517669
278898
17370
353967
615624
749812
483430
677894
122346
79111
639589
164691
614387
358191
346899
307695
230382
130736
259868
596961
613972
254189
30387
503190
556189
892200
46616
787376
127033
231393
96262
724002
246821
253438
307493
601578
227887
508991
66695
637856
951940
256067
835589
61143
983803
456487
219418
699542
263904
62801
516370
264659
545425
50238
275037
364644
770065
104222
695882
3867
391126
430869
889334
148596
577277
360663
573885
378908
268616
742945
213476
848998
580952
583590
985474
618826
328651
552973
775054
726123
523373
623909
420874
182193
152417
415778
286081
571483
405854
355184
864507
52254
512161
105718
836237
151428
2618
573239
18182
173816
330943
111242
416548
244426
175535
376970
644622
902019
311334
306290
712942
364462
366058
280535
506880
896983
413871
493947
563937
597912
943108
258606
526551
315791
323955
783182
611941
232059
966498
775492
41394
444329
761829
105794
610045
388991
976803
270618
687125
69481
344733
370089
418781
834599
577689
230179
381710
490190
996339
565252
680363
408472
31460
621220
535255
336141
40252
642247
48556
117707
829768
937932
151107
396793
319994
241822
759923
310850
288322
217458
67060
627448
194469
913805
238494
125112
64988
778383
652582
742871
40735
217697
266851
270953
550319
154546
475723
260188
154253
982922
471432
724128
917213
769526
62884
313738
701317
746883
384382
572373
390986
443800
961241
353693
718268
283825
32030
337859
583845
755099
326640
743637
333994
477121
966012
671981
75298
943107
393325
798368
803292
709922
448442
588560
938636
244384
799721
843105
927865
990664
196652
945159
205364
365523
770047
907766
240781
394759
701607
254646
302717
805069
391278
432570
747676
638641
219789
576603
632712
651782
978265
89427
439329
164962
978228
364491
59357
982396
373691
41812
761612
692794
986108
476835
803732
851568
805340
441527
48584
135033
275427
213233
966478
658923
453839
217137
671515
812691
833883
111735
728873
314312
722551
282613
941296
851165
797375
403267
906794
627362
221820
10230
534547
101850
439750
117907
662651
750293
363445
364566
346295
112903
637922
323258
858140
545988
705457
481768
384004
841526
401386
716994
901758
515460
464534
308622
631587
333880
231410
971811
536010
793135
435980
299652
416087
175568
515330
82002
370469
388262
239258
584875
635818
586104
75525
14834
558753
66947
92107
983255
752504
733610
919783
566861
662236
424723
191727
910251
492406
876913
381788
373105
171762
110932
674369
860605
5831
520237
383954
158882
415653
192353
267066
445235
406913
188739
435929
796729
455950
711374
379646
505210
670049
606432
954621
944703
669053
829836
1082
579976
433083
251238
885101
497601
332596
223053
827766
960174
895832
321310
346051
46625
294798
45805
729643
408635
202656
841824
200826
659413
709016
157809
811670
771982
417556
423025
471115
533731
190529
241932
463437
915111
102063
490991
988672
715781
726814
584886
519821
736797
330966
762213
494904
954777
845023
958519
848248
588456
543009
742319
209439
108486
325414
313401
667642
925496
977166
440049
913760
175181
374703
806618
385021
573903
502285
855563
271115
36664
518058
907844
218470
966028
585289
73826
649766
684024
6595
40319
519807
469770
616662
509957
563150
498994
660991
307988
746965
328541
344452
685659
660315
73116
242314
767122
474367
802198
969154
738704
128518
319375
368726
11744
304702
502253
705538
1692
468386
129147
770792
526506
870707
773489
339830
680516
699498
987083
736742
161374
552364
651332
82037
535513
421019
159662
806191
717029
626325
258744
807622
283728
32272
202535
953801
412781
457906
324500
674477
637420
802918
223055
885197
798416
666367
569569
13540
415461
604752
710874
679149
206109
3351
405942
673932
353098
935569
526511
526754
341156
472097
993381
444053
162000
283456
63341
