949914
720817
152085
827870
179624
3162
718961
270534
250499
772345
135112
179723
485273
80385
171377
759337
667529
955225
769628
161264
204219
595281
942
217109
26236
800935
475783
69137
641995
338265
292511
371748
342883
341721
652280
959337
124607
753341
212489
978841
608689
746717
863909
555512
583350
340832
863212
791578
500990
933180
99530
104815
345691
428795
689643
865930
880420
985943
719301
254220
490604
904320
329260
493565
325669
575838
565453
826515
911378
746847
611819
241587
830986
920321
166983
463400
447576
359307
330454
479457
816685
61864
551981
184289
99710
42316
492360
639782
987227
972816
463601
694511
322920
61494
824896
330645
14641
602217
826399
751231
919633
145981
612189
540434
612918
979582
562267
230785
651712
600410
79332
298943
972001
314841
367781
129421
693256
365795
992254
675985
659075
671538
533400
591618
19297
967677
367084
22186
97524
287976
474167
965544
171377
222230
333022
852675
856494
141988
31843
409401
717260
500512
446362
117997
497514
737504
271709
89130
44712
608996
34001
156259
406290
411168
92484
557386
199943
404295
743451
100110
976114
108717
102854
867461
906028
859271
115578
445527
463823
14469
35659
836774
631115
852561
554132
287860
759263
450818
589480
681630
115065
341227
407175
383332
510377
180573
643296
908387
761771
887482
930096
833123
445251
132160
154168
536419
438942
141865
365640
890032
152603
262717
847544
497053
307177
833495
101229
332377
417585
818271
901992
967016
162643
971546
684516
155746
383573
184795
689730
472790
258896
88260
796609
534095
643884
494963
480729
329317
430619
297373
978937
850658
362614
911847
969873
833041
180617
825011
421941
677858
934702
899123
797942
307622
887566
268208
147146
597491
838134
31796
536236
503733
57191
852192
522539
691378
927468
989411
614997
606189
663840
324123
58208
135006
990912
291659
533977
357217
637724
793555
352236
31033
219247
234264
634882
578723
842546
556063
942745
673132
434991
253922
150259
88386
130652
746779
906073
42413
61815
352932
844455
806771
767023
330587
723288
427608
539784
980668
290567
699767
626286
293434
823946
698934
946490
191268
722916
4056
45765
862438
67195
375662
721683
152389
633604
143869
973056
692518
767330
329965
858879
66160
718315
796422
261100
69822
371066
356749
317217
3189
202915
120160
783041
692514
158872
884138
953617
972348
126303
198066
990807
244519
764474
795059
626329
350976
571522
650250
855053
463756
350944
637406
63549
612535
796204
104008
860168
493926
440716
916050
846760
721192
294342
88540
701450
964142
556902
815403
424665
540861
365648
30902
597361
118957
160757
287760
128668
997715
169446
758878
586788
291192
485425
665430
866221
975934
306294
383955
438425
878535
843758
451044
608764
457890
593808
879196
501553
371207
696403
544789
781516
965912
823752
518117
658237
146254
99515
617674
779147
483942
672200
718328
25051
10442
140249
736218
86816
204805
248162
874165
293960
165775
471670
92456
846846
913334
445489
621346
142948
894494
923699
284718
15538
854215
507474
920465
403279
688357
289420
419327
552022
580071
661389
64465
142961
173082
182403
307346
374021
949088
974644
732593
772732
935108
19776
337924
846471
834338
982231
964718
833458
415809
165940
873281
28684
78587
707085
472363
910092
771004
790461
267060
385643
654243
460896
751278
366117
362420
546165
764177
513412
960407
572807
656011
336692
225673
51241
405484
500375
282026
926202
956718
402063
850479
393359
457716
920882
322228
438296
401629
216970
695391
578091
926283
174421
589689
241217
662327
546467
249050
626516
818950
228351
810959
959575
882459
137956
168462
483208
497655
634650
838767
926323
600396
105259
418559
748212
739434
593550
741269
698254
265372
692054
177664
513933
792878
335353
231903
679388
771296
348417
784621
77738
328013
646210
561924
832095
114159
675943
331352
483602
464263
703987
14608
254776
176968
291692
169180
363841
611628
971029
196451
334602
263492
181201
825850
709311
284523
618604
637344
781152
319250
487777
839226
718619
313717
60248
259616
646160
796672
682265
904158
316826
606649
350739
990750
470107
690678
201868
13580
379788
77949
362172
231878
424760
168768
362513
159255
427089
772893
517726
801841
38338
586090
740183
476160
617712
978131
563335
322443
918769
208199
439311
543450
762707
940695
245139
444158
851408
522735
734986
92187
83820
648469
503733
355619
225515
377449
690717
791466
172608
217484
696212
352963
575293
674177
378430
526922
51165
146801
854436
639579
607006
750417
393168
755695
676699
43214
829862
24610
186659
780214
145980
338244
230880
364641
743654
937478
667535
566491
553941
714153
841593
501398
948798
500067
207466
173640
893420
772434
407189
5288
888101
532994
699739
799452
877922
423143
523762
10864
813280
673571
606942
94892
847085
383685
701707
78518
849330
89882
14918
832774
30217
198857
656030
918371
718624
951169
367183
566054
874479
706794
92645
880619
976
571877
45075
646668
403040
638399
150718
200006
816782
361254
429942
191969
91893
57875
211351
22546
65075
325481
773518
719857
681539
556366
717050
499758
509207
257973
852309
75070
512748
297395
374358
282780
785387
494678
774656
170046
20550
426024
13392
187538
799828
231612
22723
741712
618932
478983
405052
11830
415813
192511
997660
240385
967526
485417
541199
493001
807589
733847
947306
811736
138030
380547
96497
739784
924777
254007
261148
243114
157102
22873
309031
518415
854112
688024
593619
56512
583177
240221
827198
600078
280668
194502
117073
506676
291101
590803
981461
840546
519690
705529
824931
548328
999918
371491
716512
432324
647552
629609
723753
736232
944651
128786
76129
239962
385358
668272
100083
340766
817478
12505
242779
245307
976710
660779
700422
762532
876022
124652
488155
21291
325169
88755
336755
359155
116196
879526
748382
100696
434193
930233
327975
969630
464536
377570
636801
453283
363561
590118
769680
241453
20912
762164
536351
276910
774686
93914
686579
493729
81932
517677
271397
264914
458100
30485
436543
489595
619643
815922
857806
925416
666218
214568
228281
335320
487075
628562
964000
589951
171033
810212
838672
204840
263643
319027
767075
458621
600869
434603
177534
960993
869183
559489
976283
318220
524439
81524
260874
799790
70339
264174
906390
357976
99344
180243
101740
732137
547723
274410
461120
791738
752554
484990
280657
360
147212
87584
348116
322366
865885
263727
685719
988592
817582
327746
652686
406238
186858
781030
598421
47728
362033
235796
303598
902457
162782
197401
686497
755501
131561
67697
130503
963251
448053
13040
902768
448776
901385
649651
357994
637600
431176
909906
101399
228736
32834
26671
607185
332733
20846
6071
488691
939205
771908
432982
92412
385978
395156
291691
46242
365994
789383
875606
342483
269743
891893
129069
396487
940019
808021
420466
279868
337224
12084
300026
629125
656439
69665
989868
103275
371828
459996
505126
558091
721093
230362
330153
368882
832700
989215
935965
111827
235385
123453
338505
262266
337349
106669
499876
622981
937924
290577
696914
578991
177811
146595
445706
159881
309251
151756
493829
644859
971455
480301
440357
279803
850166
73891
196084
539643
184544
42578
720563
483154
3425
308149
486706
152071
69792
567760
758758
306449
140620
17836
483956
349603
643089
407664
425883
97185
391189
808871
548296
212433
125549
971827
215653
806430
536948
266626
844414
898103
62121
814308
807575
167515
555110
955068
598975
872620
790665
357361
650038
814608
282255
596074
291317
833294
535066
13024
147103
548553
875659
733523
550268
991928
667242
243609
295074
4573
949931
103541
304881
721754
278391
172116
46686
459367
356474
134454
481510
642024
10015
182953
92320
793729
417578
100259
627497
272700
601697
303682
251230
415336
284566
418826
923204
974253
861692
166753
575947
634152
402692
28286
800821
68190
122145
625984
485032
357054
182031
256014
228562
272035
919564
618139
859587
363694
957327
865181
300164
493954
698349
734702
848030
447275
81833
958326
396115
961306
634534
352739
784524
105295
250185
458840
520018
752029
9906
341180
585559
429015
298981
449505
152567
394155
377890
857530
611447
671154
886371
881863
257315
470474
988783
443721
51143
554297
338505
498999
285386
476695
596279
136584
736869
664704
648153
919600
218901
191640
864226
27750
591573
965129
537432
977446
572964
74357
990988
529868
788004
372920
756480
74812
724358
553716
221854
449994
620780
124816
165409
62506
484816
59284
191622
502042
874154
433790
207062
806027
266432
366100
849379
98760
58758
285183
968879
313191
324577
643735
520278
355131
945877
977184
113265
524648
660700
162494
847753
354180
703630
225412
196604
612898
498199
289904
328368
384150
91220
207975
598234
51688
270746
617482
499802
979586
604323
307543
459271
277982
948498
184192
954437
691391
57313
557342
952008
483079
848783
641958
634746
32679
960142
945850
330029
641656
548149
873879
227752
955918
197131
283794
475294
456542
664051
174207
514552
98233
76896
152748
646819
774208
816617
883949
850364
604253
323522
580872
509337
843444
794132
768928
742848
494317
750477
66678
249250
644906
731163
837963
390635
816344
775873
170756
932434
562333
290201
246968
934093
288821
861862
126296
593732
664958
275282
241328
228907
335103
655233
971810
589838
955317
118697
409845
838242
396018
245389
609464
800096
452295
763000
66368
589162
39400
223017
94631
701912
686429
775259
159198
800060
665553
914056
843885
706576
405815
8692
688991
255430
878303
65407
984762
691463
134616
445672
676077
456499
931199
402994
367731
902164
122113
243589
621471
809226
482072
766130
114353
431858
328332
310146
575414
316827
706860
31559
518407
698123
406733
481012
855664
781141
784102
125619
599688
442165
466964
968316
894382
287413
683171
244035
48971
910908
452701
501249
937199
473882
206920
962374
912757
728213
688246
518383
699226
470052
105930
29037
261342
755641
819897
629771
181385
732330
788802
922236
121748
179352
454400
45482
951046
866334
290226
930467
908054
660252
662155
669201
594569
820483
628978
4604
423533
400005
477741
552428
181808
374923
543383
984653
111526
756044
896635
44627
476660
1551
525212
521253
66872
7048
830125
660275
408067
33569
839347
129037
904402
286586
779982
495769
141100
360838
648569
118807
163428
663026
888970
458902
936328
144333
615554
406328
823966
696246
412674
535926
73261
444757
568996
855149
28743
358670
740179
140861
202064
473519
401928
183938
204014
209638
946743
664804
417259
387005
941326
395501
808871
934370
656888
21815
54862
929590
310042
642015
857283
962243
102276
945046
26456
481108
284308
2615
610991
131037
962665
716015
808561
748767
954578
525442
790771
308845
164262
932801
755367
173480
394421
885609
385577
447733
601776
409181
942734
400989
543548
542483
725588
759344
615941
354503
753632
529360
557266
105553
102869
128117
729264
978706
358144
996292
468013
380376
666453
479462
534177
721844
521946
489485
994763
385090
290143
967785
169121
874733
860344
290873
779009
457176
46539
498126
128280
397023
702545
763027
196534
708789
469875
267244
111488
952556
80774
141456
388188
380880
355282
976250
686192
457877
672448
406659
703375
652733
128538
457687
557944
983611
138550
351652
838909
348359
299664
686883
776908
662276
833606
601188
708998
682046
921842
327007
446735
266327
649388
372849
454616
961772
689667
433661
403276
707276
784282
809200
105599
572864
537437
168976
809738
729019
704719
783986
275398
233032
41606
101189
164180
443296
812211
243188
856379
528945
355825
267015
688433
993996
335979
898801
544764
861991
714703
880162
467690
89191
251884
716474
223471
739880
667691
419591
642091
806502
795191
299693
95258
477043
119787
792261
986102
372123
305668
374615
597729
971246
365186
206315
919322
836334
755608
391476
648359
269536
440833
838770
125580
811317
735826
213827
281464
830460
600305
58072
900052
618677
418455
843482
803830
184173
320254
632373
10568
357346
76756
161609
245459
907124
230714
833359
993438
638001
897846
969553
113721
622211
980668
532168
360859
602966
439969
433795
104445
623580
213781
103017
271203
470624
108003
334268
912445
903827
629069
224824
678524
92215
819701
313120
395212
245153
497943
438843
779973
297190
136725
238492
890485
779376
889250
695301
421491
56133
520800
820238
565861
410270
254089
284629
408577
66565
549130
814796
700713
827221
615033
945980
795367
105891
502286
515668
452358
446777
165858
544125
911881
137648
36206
30794
678450
656297
808219
306339
865723
337630
436523
324056
308037
193726
563382
745452
594422
29535
567449
862224
171092
394025
963250
462677
528321
211828
164898
113689
456131
402289
621210
76819
921812
476808
738161
768015
749341
524367
674560
389065
315888
446823
414008
393187
231573
301035
229266
353349
273635
72862
375104
310391
76724
779095
33579
649231
825830
541840
917009
333921
609209
28340
877104
638854
847685
75672
429484
559425
205617
861902
440399
792919
734327
350467
446329
149824
503414
110266
66533
156421
225404
802844
944027
837927
591837
897019
330401
706142
300657
230801
509038
413354
271394
33115
374675
200716
123392
324282
510171
370898
110484
114263
585226
964526
798260
436059
142785
455739
997398
350798
670688
629139
527069
427816
786018
509975
37074
244742
632654
853918
662931
114415
86452
734251
477087
266990
216933
642464
710185
119839
578377
26048
511814
222581
561862
118394
440423
538971
845813
250816
799255
618918
105357
71514
123582
691352
286374
192074
86293
618767
47044
393033
296776
560732
144927
977844
294917
977849
644128
903406
523272
419200
770157
73009
445441
793233
985841
62913
75193
7669
350058
593038
20686
913275
561786
29340
382557
142197
950217
935234
946992
667918
402103
542675
998358
286816
327780
945989
434964
752823
282438
371955
676875
954313
571057
337091
618350
268402
551580
508186
294130
609500
172553
301437
1254
103017
327781
650654
226946
665035
101527
290484
41068
664441
969810
868592
111090
959945
909879
180419
914302
794132
69855
174132
49919
116294
777618
821328
626731
708625
842993
724845
752797
904791
744687
880121
992607
550656
518327
79115
290263
2553
123557
72286
28220
314208
926923
834665
548023
679433
855192
103175
725178
779910
758951
25948
797622
880678
108820
651129
460657
188236
521823
851707
518635
982027
32181
740537
545760
487365
507895
677259
462413
486584
437483
91697
901159
740439
127395
410878
990321
412434
941355
726197
915936
177118
328977
265427
538629
91563
8464
204338
600075
441553
893021
525687
724354
317903
116012
564586
570032
146699
769270
203923
349665
705401
109491
80374
519298
818712
234862
134806
412061
823235
403866
289005
721575
747749
608129
530407
41434
408080
960869
512342
980846
469515
375307
182605
547512
655816
78646
470325
465118
297455
249383
91810
913260
742574
494401
429505
225537
570490
667405
702047
195973
908588
132173
675015
405093
791734
308974
70146
830964
664061
930589
330984
828917
12376
377362
690865
447828
336215
99083
361337
128863
436465
866263
695633
258183
694816
236009
113406
652195
558263
997459
468445
56793
984078
735375
954088
495837
806247
498020
241089
854957
278204
272043
534807
383551
657258
187652
100641
979372
825474
196095
342130
417158
654860
675766
173320
347454
670276
364246
301060
570145
43637
53257
633001
576296
292231
852049
279544
234075
565986
760801
230178
966352
83951
95503
350380
806385
296993
559304
793807
639459
597006
763618
59579
789184
269329
845297
798604
193636
704726
942008
841169
112800
197395
850608
692692
270210
527193
500798
265730
781882
270614
206411
854558
23034
650142
556257
706779
97813
828041
393311
840934
498901
13988
549135
632028
543254
12859
602351
816974
598436
982900
910670
332380
543828
420465
299478
605967
466827
709675
529478
993478
705371
580264
890709
418925
614388
195840
772464
244593
106656
557983
327074
245946
468708
325154
530507
857735
262043
77747
384341
725010
908336
409050
317621
351829
308637
607803
759179
20296
801537
863190
641355
819965
200438
172232
634151
926034
258501
813934
731426
780972
604699
287692
455231
935726
416339
839404
390441
841929
911898
851749
824324
476155
984069
879972
529572
12018
815401
465523
510846
5385
101224
98403
379932
25725
452706
951889
443439
778383
516255
408838
825136
627936
683924
777846
38929
551824
94597
660105
339586
894633
852260
334727
399224
941008
962965
183094
44872
474503
125620
307255
512973
43886
749230
355923
909225
429849
11084
843429
872231
574234
689244
793616
791552
649626
97774
921485
897365
736752
476175
604031
857081
193215
458076
56377
630428
424726
712347
572377
170098
351345
267875
590269
389950
772131
947796
333292
313206
280818
171725
194730
974809
943545
251794
250136
665645
366233
648759
267083
55500
614290
337186
527098
344148
525429
126757
633155
355985
266352
240038
389762
464284
524197
595855
894721
716733
758256
15760
139925
182642
120066
591098
908355
332358
208362
573808
425965
427019
377525
802024
615376
712060
828560
547096
805673
593048
365077
337287
16452
169313
168609
872468
358599
905593
284824
876038
681087
838188
526753
200141
501125
90768
813081
369543
99653
692141
5860
428511
418689
144029
335232
719955
348770
807471
663182
833036
552025
722753
876900
488065
928152
917166
895482
257690
645590
70035
884636
692130
30105
86583
769036
745705
927209
661591
951723
170341
799665
329303
710413
227912
247875
94226
155924
604122
934403
948386
405542
169738
165398
681910
505953
655018
218041
185013
866023
310678
950850
103255
887378
936518
177236
662516
195023
74726
219224
801594
661492
587985
226000
772107
918617
781107
88118
448845
182141
59635
548488
831476
600382
867915
156466
25645
195627
287721
415404
5397
450715
185534
256623
613923
130126
427272
446022
340898
481129
693591
583549
964112
567951
758480
623560
875028
804594
297976
441349
280042
746432
501749
540391
929861
280094
328536
66877
799666
226430
831335
391841
274970
583119
203858
217350
134418
454843
59157
982116
827898
258591
848835
500857
274406
17424
448166
533103
457860
791638
658334
934076
420214
872670
218336
343318
356480
607286
19737
842776
565583
206372
273280
189659
930581
918862
587550
119582
973147
639366
602547
668233
855471
103458
235977
148941
658344
809232
376840
162375
280330
222994
494749
427486
803410
615387
352792
542136
223119
736528
314991
537640
262108
439247
748262
174572
702962
638533
459964
771211
972604
943571
66271
702229
197177
232677
172372
945328
782915
791073
329839
786363
440963
816794
185437
115464
951351
599241
822979
543945
920115
779959
512023
988962
302180
764564
643921
999426
530972
506816
858827
923412
263506
869661
747873
321747
765676
571077
184069
214789
477826
459387
770377
60475
924425
34078
41181
142345
163255
508318
71525
229266
810633
233720
69492
710746
859647
565200
323957
735507
115614
583718
454186
84628
944452
918611
956776
177039
129254
557515
472042
382105
477839
848482
415851
827768
614320
90
621370
830592
583001
911536
522267
909361
742270
542557
131838
824350
420084
178355
815929
118611
980926
579787
415295
239802
960881
563061
147325
285831
747446
487180
29342
549075
597956
269543
903096
924154
370288
863621
661391
405912
364627
61556
29001
816692
428406
839488
559637
297827
515538
203699
765799
895021
505881
359162
67351
495555
518513
457534
69691
328539
615867
10108
513402
384377
596906
278970
172010
424845
547849
2004
138854
271264
327019
923966
451238
793922
298348
408192
242925
270927
296499
8080
300023
967192
237927
32006
954029
735925
931587
512850
670521
632200
986375
878070
622407
245272
127174
505413
796411
94043
341306
66119
802694
326618
153156
144534
876670
141137
952884
111721
948269
766290
761665
584163
182906
639868
461605
515492
687439
729227
291643
572104
395978
244884
606701
551923
575980
532740
704236
817666
743725
565149
483279
456981
767356
999879
529184
346345
976213
249432
322215
752353
477410
208221
920818
23960
758049
89810
903870
614441
690617
20193
683685
156968
465103
744113
55775
777395
216915
909131
6590
544025
936919
175618
783610
403435
506468
821629
438406
20717
767827
396601
637846
293253
557108
915333
482849
230596
54273
690589
34967
319400
796876
878655
296036
643605
68163
805866
472193
671054
101427
722603
898162
550185
701698
776496
548330
442629
164417
935910
3091
608877
608254
530541
271553
993716
953697
827351
995344
304808
521332
684612
853006
488312
663394
747317
213186
234226
71632
798322
849040
439250
172758
42317
663309
969326
609720
913439
184881
99124
24734
791021
620071
462784
877683
472093
450243
383320
887887
584578
185505
221095
78392
917871
550882
57120
68003
307308
247041
190935
955430
718314
663120
741354
852106
913618
972492
935024
735036
63691
422699
509118
470540
304609
229905
552489
762221
524243
625059
752747
45814
954405
495406
951278
806805
259216
586303
866639
256068
743836
494257
445992
935417
398341
517079
265920
713747
566754
936182
510530
858914
140544
990090
599341
264372
85521
56923
769676
939003
747470
607215
497294
620241
676675
22201
350951
187569
488503
271314
558604
43224
566345
839694
269603
333949
36113
249715
627495
300387
805908
136598
269965
777131
447013
155380
238716
484804
754385
922728
669299
172779
104121
913685
872133
337472
784656
457483
157553
995771
508689
19687
203384
264529
531032
297491
754868
12920
297981
971109
357407
490507
974131
630367
629353
559588
486813
941876
80507
884394
98222
438032
819346
454262
962064
651421
318937
432281
518391
292582
311827
441521
813814
251237
807728
832399
8175
755379
617751
668485
857693
930351
388500
403608
210428
199019
197725
33177
622009
954284
912331
847904
58421
36835
801730
842710
407002
984958
988328
368190
356252
257984
966835
536452
173093
331303
868016
359731
659731
799803
396420
313146
822986
10253
126060
841158
521246
385178
178810
164828
384395
925104
177222
523829
21860
136172
5540
313918
978975
929242
236594
949750
849454
253125
455599
571799
116283
295205
665631
96494
429058
16406
945229
211391
994013
666011
532867
589538
673320
368030
946725
955796
649201
577895
296100
663180
269280
30547
92780
726563
698222
689060
577082
623611
416843
188107
491574
931751
127373
637977
432266
342054
273184
595594
875537
98573
117299
942106
898194
504282
777975
782945
455875
472178
833965
799031
14341
335895
328154
32091
564158
464192
367890
67770
176036
150466
360187
690093
850048
902944
505541
973248
646724
89562
373964
729024
176750
214837
6833
189496
656286
734467
641063
993354
792552
488403
975707
308949
147629
108040
221633
232341
245827
131993
768221
716949
278402
660784
91450
342467
800681
122249
732789
421739
803290
848028
444949
269496
985798
879290
641252
277449
914125
842968
329070
840241
811672
419946
950440
557022
613815
114749
744973
594607
24034
622542
966951
899022
269162
29707
822265
725940
127202
815855
581211
881315
310422
586441
392852
596451
511572
498937
607036
882262
339774
120078
339507
195374
674107
201100
145831
312977
976125
751310
546453
675298
465275
219681
923355
647870
764080
832784
128030
583192
72143
935353
428883
738559
975382
580912
911372
464446
627151
756645
696858
664100
487300
94748
307495
990256
617847
303779
22899
781829
847023
490385
109061
353935
495510
247138
750151
17873
482189
131728
584482
928347
9147
932909
651395
793445
334144
607142
667236
150090
954792
53889
471077
191390
73225
745256
998774
650465
649773
237572
205282
455997
573705
421431
301805
577098
210425
322075
324978
741979
580457
285392
414004
294068
987227
207096
669773
852012
820389
724661
570808
759836
770304
470337
749922
524747
879501
521978
7478
302712
836802
532846
788921
513116
317051
989522
618418
389215
790719
282046
440539
258941
691125
744709
237207
219285
860097
135424
49122
849609
818088
197903
317801
205178
886955
411517
660285
765809
631607
707608
342157
816678
560127
622779
937662
477964
579297
847859
962943
882186
403548
487485
509105
914167
911123
892087
320327
132165
619100
872275
872772
44781
857314
539325
436765
447290
683591
268580
292466
785377
905146
412877
77786
764820
942569
758942
219919
94380
103619
232384
148505
989507
723945
538526
412
637090
535801
179799
462294
335624
537378
5969
362373
657758
686966
548215
208121
360303
921356
311513
431941
310039
157469
631654
499169
662772
602170
787967
268886
421464
193150
1030
509894
932238
363920
502714
26119
522077
614226
365704
830136
874594
602838
947295
335736
278456
87765
594523
589765
954650
484962
50655
697208
644576
20147
336846
142347
260632
879485
765524
136295
969855
560721
785125
100788
232965
15971
46018
972829
439370
322506
635073
714440
754758
961704
56777
390202
790358
374449
557379
996919
446497
183203
632920
464770
295073
549835
590186
463552
523617
413435
707805
888942
761764
313681
417973
36963
621703
646864
361801
650580
503708
199464
415086
372532
631255
407694
193148
564247
288894
854481
838096
643397
485324
967786
823267
55733
313252
633463
420919
377513
480110
472720
37788
737648
902257
130519
710116
833254
158587
963703
110801
989753
160706
619824
543037
476233
916916
514174
901579
345002
809099
906635
577509
293949
754671
187656
577798
204267
197267
641149
336220
648514
63402
366067
387943
584553
527297
546899
486414
513986
112564
38484
310559
206804
275278
299075
106132
442693
774026
896745
798601
523073
579427
25126
949136
403600
738684
442179
940507
605448
706969
396752
344577
782660
925557
116126
36651
475475
177401
625630
931132
972128
921317
351168
282075
547874
34073
951861
114164
391372
411075
12907
599375
47801
550071
355381
878294
180594
682555
749323
632630
142948
479266
432687
616681
226494
887917
462184
870451
841401
819608
949315
383407
438549
322666
481658
120849
528312
161354
646101
392703
3477
729264
32347
410807
845871
174917
956360
912587
455042
112066
372743
737254
427293
733520
360766
322959
978010
246116
480613
996999
351970
276286
398231
330999
91315
108328
147537
711107
776383
293598
534115
639323
383238
186554
161152
755097
510781
843818
364870
436535
34694
289944
480892
826497
740132
467871
594126
2884
666437
324203
293491
467911
470237
565324
798618
69923
267996
171450
559183
203357
539648
524172
258980
191938
517434
86358
956046
575667
682297
854625
750445
176674
353448
678028
350645
819419
968604
471353
315967
594695
403577
318740
937445
732030
938234
45776
307406
297959
717133
914524
904242
497985
493530
111540
535357
412270
406059
456951
27465
456988
476090
813668
697687
246989
139065
315310
35985
966593
751394
660094
295837
289829
281620
966147
274940
156887
49794
898294
30023
958155
262389
13112
202301
835312
843193
763454
292671
557937
379849
167933
817618
637450
564558
844504
530966
550096
515369
431227
81886
279348
36142
127252
445853
238847
147886
218713
667389
487910
475914
337540
176000
489239
387993
145060
545410
658195
242364
124084
563664
545322
812980
285
695032
304108
699596
43750
132020
542540
133392
497580
264936
624855
533231
751000
57198
252841
316049
858226
181185
884417
890992
716186
640906
633426
823124
472292
747212
373734
245061
845006
443916
835222
820313
200176
402051
435088
298874
21297
423714
349566
64451
123506
477410
234957
802595
131263
910210
665998
421194
847496
621402
44759
868909
445147
792744
321805
848800
781375
208645
810690
63810
41356
793699
515905
646501
644935
544242
638975
673239
524711
630237
952615
76783
415097
352330
470043
76758
93049
34213
867244
984810
800307
739124
239071
392493
271606
19575
12167
635915
886116
860605
525735
376603
350654
796792
308448
837730
551617
131147
540532
233243
503532
530
137188
915446
709914
553057
2912
376663
669954
990230
794376
662299
241317
147026
350743
960843
627562
696338
815914
9623
122027
994359
22901
286628
761073
876216
854501
529693
390479
581729
566460
406186
526830
285077
367830
867827
340152
809189
598783
688075
604588
891921
83442
763543
986932
126805
233750
842935
761614
370249
649974
800413
982095
899637
202305
951325
265201
588759
421024
704272
928493
565491
635473
794573
311214
41400
275409
986955
106611
187089
805267
785217
619948
394684
579454
181968
356473
656188
330971
759168
895462
403736
430023
546539
674081
347463
81528
644463
859864
184764
261939
473395
447646
301793
126949
90439
931270
540498
616500
481318
880182
366623
312317
169993
354813
98295
199760
66958
580974
582319
556074
813025
598562
515088
82706
968749
702377
970734
647276
895757
690547
710464
241292
225259
155758
893134
786726
367426
332639
588828
419290
730452
832987
108819
518071
38683
990064
502171
685122
398048
724582
497403
390712
553073
259754
793991
349009
524064
459677
16757
124079
724136
747585
64824
658107
468509
813425
477109
81267
263610
927830
114299
424575
294169
171090
522171
2571
743809
840126
872528
99406
236836
658292
412950
557722
306002
242514
341862
870746
244094
925761
301533
166415
952919
784931
653508
452081
132567
242600
835650
640180
532086
243418
937596
961040
775830
635735
282855
647609
284277
627109
990539
168038
298714
891969
967660
193472
744599
59416
705289
113376
193790
720827
99020
61629
387052
809617
172093
488130
297235
227710
803264
809847
436065
157147
826362
461405
129874
453842
939407
57194
368796
41020
863489
606862
916980
803854
435485
566555
753023
127079
137225
555126
343759
613602
14132
872919
284917
436212
126090
250219
756831
994525
368793
226500
938951
958991
58757
7189
223969
471626
194070
737644
595642
784234
331083
862053
63047
306742
846638
261018
253782
794563
478665
385958
717840
629387
833859
620491
82870
867704
468420
490273
606914
64628
423731
286469
695454
569164
489604
313086
690622
557699
887337
176329
830398
745211
497775
829379
478684
717764
655209
125376
727004
891196
500384
647285
454660
291225
418493
805816
6303
325486
377250
74206
346339
895878
227132
905646
142851
706093
453487
232009
980712
83053
224553
434038
915571
831690
812493
315776
689304
951186
390340
557685
790746
30277
248520
883956
682483
518750
485114
225696
961508
552932
458236
852760
188513
764626
195812
426980
661573
924293
267907
668484
135763
862283
29348
457603
979083
164539
481754
798385
427146
475634
583767
636839
878421
625809
254652
401983
746939
366291
630176
779158
496279
875873
338418
330649
877390
297031
729437
91031
488798
531798
254561
610482
113799
386589
13726
858232
757440
683864
33640
846695
671341
848233
962737
959951
805536
316488
516985
607711
52207
982336
119131
702218
911435
817046
247138
238841
113518
50308
814074
893331
629379
939836
943291
847669
816780
160421
112943
692421
848748
159858
798745
304805
875661
68445
105822
403305
8473
248517
815411
667721
443131
209442
866381
606054
865752
887122
307790
235948
494327
735845
711690
824522
463257
751424
965456
204270
298887
655859
980952
258787
851636
541444
175998
70098
97469
234443
346449
117575
676217
338851
768329
253394
69196
458802
1827
145146
733564
756246
487005
729093
3417
757958
688544
879932
799405
700560
890963
250662
618791
540378
498655
875718
267463
387258
275529
608096
158471
647235
74206
285188
570155
984128
905973
120320
876721
3691
732033
899758
628293
19563
523884
327851
120534
460568
879072
389962
704225
176359
354545
219405
3
588293
813932
59369
948235
280271
295748
916685
836080
349216
30353
182104
660215
686078
890951
928263
74554
634458
43205
858277
148682
841744
321289
648338
909137
485562
269752
356673
536801
468603
842760
3720
66842
19262
590510
939344
511906
17071
512049
836025
654469
949633
852831
861656
501896
985516
48830
967020
210290
14004
817030
684860
947241
7246
388439
136892
12288
88387
751485
967742
240940
459290
746794
441292
704986
428968
561413
728790
886710
483411
127528
631875
767552
417194
580235
493986
743689
500821
295590
482310
652677
991746
406277
633259
894605
405936
785760
307517
48013
470849
129410
391535
309697
834521
540805
554691
448209
814769
901747
136860
826567
466774
309005
896873
576657
710084
239997
784286
660545
845884
308007
381488
137891
184943
837823
923418
540527
404777
941264
78130
731108
563145
917716
429596
27277
877576
315027
813958
100840
583055
967409
966261
932695
315807
228792
131248
347393
698541
705201
772801
341007
543598
818674
286555
435340
916254
794122
876876
58024
439036
169900
498437
947477
468875
911030
81065
721265
650757
33329
130924
931219
853865
74569
796491
815986
266566
825642
25095
966813
875783
849072
394813
679623
876363
964972
373140
885447
790775
986877
671051
803499
869057
494155
855562
516761
473235
658543
633858
505269
969672
815819
630154
906008
384592
762351
594949
873100
815704
207998
343833
852368
835951
390628
248690
625771
179474
823402
127490
24406
429560
995616
136902
140506
853357
83158
180065
546214
119852
870139
635595
898488
267353
599524
976755
357568
960278
107887
431137
764125
850113
131336
71062
996004
605353
838933
181054
857172
762006
748669
511513
705482
932419
188524
627243
231228
49731
807605
724976
319535
762952
879359
970020
696521
618881
575611
442027
540425
61576
292841
742194
61610
911724
692223
853667
217570
495237
420876
338821
757573
745760
533672
789133
769862
485524
279368
425007
604175
345905
849484
995676
158059
262100
54890
359346
86547
107047
4837
175922
144483
202758
347542
221434
788822
276160
305819
77727
738456
603033
952013
590639
78688
774870
546865
705284
231848
129584
957493
724772
736688
75755
914388
298109
288182
89699
768947
991565
429492
111051
200563
652447
922259
707643
889600
711202
218545
608374
497032
592394
467864
12137
502975
520498
780356
199667
739221
506415
77555
86264
656033
179338
24658
146506
41758
832035
562283
546681
825980
912600
116272
953990
950319
406574
300095
12407
712009
393321
802762
621012
391136
641937
621906
653602
773429
781189
475999
989839
440982
376253
974829
766038
329651
340214
830352
657981
882134
74666
599440
37415
424265
909190
139319
615691
7361
787648
636307
827107
447187
407115
333966
493122
150732
303393
388610
776834
774135
365390
2042
323579
347958
474261
952499
603763
146762
532136
266726
398937
708519
545419
244463
613373
387417
190516
695425
605477
519075
483866
596546
105431
223145
356312
791521
641252
672676
696566
625313
276402
261019
361167
469921
206672
340788
674076
818333
705065
812155
950517
395356
165480
667522
904398
700242
931544
712527
483593
621801
116509
2384
359989
302222
431610
197895
411491
500664
111735
746637
246511
378189
898392
694592
619122
15205
123271
987511
12822
267386
463810
113363
715176
591422
655168
603146
117640
24102
38130
230009
356613
844500
731590
868874
453761
190927
98924
617309
826660
579717
214170
658719
123541
657044
604552
467663
973803
110875
556329
137438
151348
336086
291241
932324
603267
906097
641068
969601
828141
212721
577977
299548
293359
563260
206784
301773
528715
188789
745221
949833
25714
68679
768181
54739
7446
93619
494989
281122
81298
419040
520127
478660
186402
701878
452385
420798
910138
469606
253111
731087
859785
31108
538867
558302
547889
375091
569826
164809
70454
688064
770796
384186
991425
502794
756001
581306
912940
266411
269187
166919
431390
312832
24113
340914
435829
842370
614103
429921
80900
558167
554113
239286
732671
768478
201490
21791
556419
656622
483207
149641
607939
600503
812327
825194
984816
788986
682237
513621
887870
902500
121543
150183
782713
194227
293420
151147
403891
298086
332191
698717
23699
213387
202
746
32952
227900
734875
109395
852348
808072
938528
943663
577848
929914
509697
864998
935487
145060
978074
127878
210294
272299
451548
991646
574149
338871
980163
139946
566746
703392
831117
712141
983224
195578
381392
319816
68441
448240
552743
53983
610417
423565
735772
198173
338376
666361
602028
604494
192758
284073
646306
488839
11384
486983
354513
321801
674255
766908
303762
100010
763737
251765
616379
904743
470574
888249
765244
925220
126343
931089
136862
536421
871650
808501
536540
871256
832598
729452
987034
871563
945264
393528
987078
214953
953920
494883
541753
23860
542342
356918
502614
704582
875661
503178
23976
348856
150791
163727
875368
968555
407520
114479
800434
187501
190242
161938
626943
91175
877369
193074
581867
406625
199396
86961
52276
60107
551573
713200
167898
444350
39402
938494
870148
738522
521718
962003
746652
650224
529812
517642
859863
916692
211390
395571
339948
926134
985261
212105
526856
612569
993863
24652
384945
230072
141215
762734
988119
130880
344277
349797
549837
165581
908257
466454
435697
783451
530604
633441
433733
296279
485258
764257
871149
444456
96298
778858
682958
231441
192146
300414
209956
717122
498620
278146
699273
337651
244168
319378
745608
731891
13286
202069
460175
708646
366865
430575
416746
945894
560839
759811
254015
617521
169091
948021
430379
496703
25617
439675
922017
824571
138520
188958
156046
462041
763461
427690
868557
623350
855019
747194
585909
899726
100506
350641
57746
813431
892317
634965
250949
488153
980613
116394
629317
831607
47108
295670
386688
522529
155900
785160
534549
293622
552600
382235
725620
113676
886819
24384
189864
87569
699388
479961
156499
379998
321340
321186
470048
188628
480138
143511
885259
792139
619025
531718
56835
951643
526639
357286
997921
38586
782632
383093
209137
458929
695212
959907
864908
63748
487388
96994
840262
572398
214765
379468
121240
461037
570815
777342
253361
990775
168957
755027
672149
27467
672499
120103
915601
217133
513913
249912
527353
917948
316078
295999
998277
257364
894239
998794
351344
195012
997219
970080
256992
660436
87074
515596
411083
846448
735279
274681
46352
944054
883017
607175
539325
980594
250284
173145
935611
304588
722027
812195
447472
482733
264518
908569
209558
458635
281796
280106
464668
708477
50739
898435
110781
811939
27605
879661
389499
189028
480156
811643
401905
845186
756879
924563
335793
9395
222794
738128
252033
483440
274679
809121
221695
553640
975197
843619
625236
8994
491199
680782
488639
299057
88248
990196
138638
168545
232711
814689
290567
549756
443916
249851
251386
15950
180277
134625
232249
145527
504766
794110
982137
770389
995452
343076
996989
87728
490419
104018
455931
582315
395996
646473
673877
273346
667029
393875
645855
20973
328680
282897
529077
27103
655014
483451
853399
499580
771305
797492
685325
812397
560896
193775
57285
852661
160489
624968
678236
919010
669578
807039
999468
443611
517350
422130
726198
38404
910881
178008
424408
245156
615578
912181
975740
955943
429540
607916
895608
150558
909313
206366
267564
228040
447605
599619
820697
914435
747743
197075
561229
914069
222483
453917
705167
587341
6721
867465
117997
972605
126126
780276
204819
217217
8047
763661
888152
258385
273488
66696
283973
514827
559161
566319
77004
931357
514984
177166
105238
27170
365397
431037
467247
368467
107154
701596
249035
752811
152876
351513
910765
22102
728279
668369
952677
852880
413152
981391
330484
188211
79096
654096
205119
559360
910635
464809
955838
828697
658919
607361
995779
29465
36618
498068
218450
589593
812672
370558
95134
67013
18093
336022
426515
67554
459327
102670
42040
369670
8981
78129
39146
786833
91123
793562
965656
465059
604033
722322
745338
292975
256393
512001
592183
26628
56973
174092
605561
841752
238826
91376
195235
951632
782695
887371
467600
322540
242522
40087
832402
214457
793429
922337
229760
486697
767748
62589
91305
290015
302908
358697
712699
229359
852846
302725
736353
383704
793791
847188
663189
174689
915879
387858
638860
851096
50018
131477
421102
499871
972097
593229
123208
546209
973225
148546
238145
943949
938685
707401
467414
124806
376077
159909
925274
522800
617783
442023
55840
125361
348964
310002
654711
311832
320645
23074
592953
943207
112002
994494
398776
589416
317063
220198
43237
637591
796686
430690
130504
600190
525977
450755
534514
34194
746144
236589
572716
895785
175467
862619
833938
142196
68094
994664
16616
240501
882113
807312
703354
742211
189945
736831
788870
79716
432292
945408
605698
199112
35286
501019
514553
966586
703790
782931
687794
564203
643073
73974
668773
90007
983910
403062
627964
493393
853555
979190
23960
930416
383525
473989
625375
833654
266494
948641
23265
720726
145785
887619
24490
52728
565542
913630
918186
419442
494294
725158
587597
412120
256777
835712
983406
384071
553395
248134
415519
912309
106506
32444
706483
113050
624185
259312
416917
458799
966597
102585
313944
841401
825773
194180
76151
320502
977873
762483
308870
707236
398992
91974
661631
532149
828049
272054
939301
596404
140689
556027
255313
720631
478396
116246
358256
214543
855523
411120
161308
532840
44790
127181
219452
285486
256481
827137
182411
512310
738951
858169
297445
299275
59658
140847
151835
438684
711478
57827
704671
554933
140966
269811
77276
12027
136687
856010
808473
842397
509666
453718
63462
101366
467712
435939
215578
16214
961204
270565
787555
85560
801935
815691
151368
975770
822093
643491
16475
966088
373188
38149
962881
521738
1254
311638
145624
36822
260778
984077
413841
816373
796696
925767
185884
621820
182355
367589
551453
48560
974516
992546
152210
412587
403119
627109
990305
75266
10737
376588
280056
89972
360038
877003
973507
867320
427860
97059
553057
620204
663852
618120
535241
946036
317923
105827
976089
162305
965011
290438
606915
522619
896854
756898
254686
54212
283610
211126
861747
45658
807965
993197
139458
646786
792500
606679
420602
385589
377497
533946
294588
949096
510235
445468
25420
249945
489994
835766
349298
576222
668454
14795
427451
188998
831324
269781
219605
939253
78282
55582
728166
16470
103493
716141
581897
449564
736824
702927
643730
133294
142880
152810
428938
794397
924798
743425
421170
568101
454804
996387
374523
815973
152840
253543
149539
653730
697780
672845
189849
667127
112446
621408
674586
999915
376922
444596
862122
648691
187650
161407
635786
795264
830305
225710
792650
224628
916751
68883
386353
344732
391910
114812
182874
845297
886551
924338
96264
193313
603182
940211
329967
412047
88483
885470
954286
805093
802425
892089
31167
347468
393189
320466
953041
491873
332096
287852
866409
213384
995771
706644
578856
731368
570660
11892
665539
557534
194132
827602
752442
572076
872416
518974
926626
150495
759222
81412
615238
842670
212239
251533
422086
48263
669395
235190
911189
993795
922493
968413
382024
663657
434605
589874
389081
458009
121865
29458
29889
418477
826456
413187
637960
414996
530989
794556
480792
220717
855004
470251
996133
453113
868057
406211
28153
483626
981951
430380
782022
264988
194412
953239
831943
880550
743274
653540
217106
300538
842387
580254
825484
129059
279526
280372
753568
812104
843125
346372
636540
675801
267302
649755
107383
843492
236209
56353
521382
26868
181605
485928
306782
773547
285883
430838
962338
616800
187963
645534
690655
394360
604096
759630
581953
558982
975429
540400
130416
803546
388379
507971
635566
513544
954985
549364
13311
790761
956627
340769
888377
205018
241620
41181
426354
481421
460290
287983
510494
79504
576484
112569
307433
582354
680525
282998
513318
459161
594799
845887
456014
700999
327254
375639
822045
601214
257420
397388
925957
656276
215486
834004
481211
632712
203352
919002
611914
76897
96362
517571
17762
472563
726041
836809
90570
264416
191766
983390
424862
106006
645152
806096
609032
870791
471436
105125
42890
484450
466440
926467
115135
215364
701334
200961
164686
716237
976894
672843
163069
13282
155815
228941
164717
489311
209848
275796
236168
456737
364049
532207
678461
188021
308518
764654
41422
107293
867560
891493
775407
678262
980421
397068
953787
763371
982961
234714
191511
541692
398090
954534
960932
313844
808165
561729
567719
575982
334948
924073
356786
49653
457422
800256
493073
189243
977527
919484
311022
873602
982071
658144
144238
31387
286043
604204
453637
286159
109577
832826
792788
237746
219603
557165
14768
682914
825882
719828
182240
217234
102942
81061
678397
898574
517204
436075
520947
505979
857668
251947
408630
892937
738690
195
532489
270506
839548
572602
616948
979916
827784
401269
549854
984578
49574
736292
119255
372418
265517
337457
596125
795739
63500
707176
566281
548552
365586
700623
784867
606030
896345
416020
640523
751949
768750
203652
407664
522567
772510
612112
44982
406866
618143
296661
95032
51551
874118
853648
795122
471471
362315
16263
497708
563850
158786
536109
158587
334268
908171
243209
872223
826329
46575
443578
21398
987673
595216
20617
885011
296343
997666
678815
415775
743592
51323
733276
963576
277426
803828
384822
770740
119660
782076
555425
885183
624924
863008
37007
998618
496939
313076
248377
765854
321496
801260
221752
102026
863070
648215
983135
431721
421942
634159
793611
485200
429038
111009
795932
990354
103036
978394
49644
639039
198043
864923
770791
869846
764214
705010
512015
955046
128190
526057
315898
975794
543711
652913
394146
709039
630432
783958
44932
110640
142748
49813
531223
105788
26128
328552
12441
613535
168054
866100
644900
520387
220284
881139
460759
345273
562834
368606
232812
191084
185585
22962
406375
563438
355480
742209
25327
81905
545080
295757
407956
824020
27104
475220
252955
887204
698954
117824
238601
491728
262271
901503
431735
2549
231374
628804
845150
158471
390155
649132
683913
779849
282185
701846
233988
354954
171222
254755
941181
551673
98738
456084
980274
530671
336903
946426
617985
505728
184906
165603
369289
927324
116008
997644
50662
80653
654179
816856
452500
13084
401121
812589
943851
628124
449840
131383
911239
166182
481789
380698
335217
38341
715706
617374
969265
780746
707134
403372
928759
403762
389188
140328
500049
673452
211396
298358
843357
231527
158416
383372
290739
486347
375532
296482
893395
184268
778124
837506
64399
624043
202480
865648
46052
79935
330874
600720
383699
351426
784557
491634
639110
118480
519238
610198
137775
928033
474953
729795
368178
820875
981390
380416
85853
195358
946799
931125
294966
772464
524571
722465
78506
424995
418014
637411
406680
906820
85174
911913
176279
119894
785769
113373
234067
969150
284415
310118
642189
163116
738616
970478
531563
78594
864863
922602
792853
11390
524554
58459
902516
750774
343925
796605
873701
731545
967470
590571
881677
791083
922378
591845
374453
290284
369416
424962
576506
712580
256769
196202
555018
393002
602638
594798
599735
304314
793460
970146
759036
201185
436811
578609
750106
907593
996736
130877
864607
68468
214288
395460
791084
175430
251064
143475
119682
823863
871155
480521
30237
325939
660620
260644
857334
437975
330496
619194
118327
641133
458970
944658
363738
485115
149927
964309
96153
859005
195807
715317
326428
879496
964984
442757
436626
290046
9169
882976
129534
253321
591569
707651
343936
631967
841969
491051
853338
510675
503647
663466
564103
872331
239482
199439
187954
384013
576428
324966
443528
523228
776582
344278
657085
471577
244723
568516
501425
484298
336678
895667
500369
525987
965393
571815
714543
411058
362123
271380
294521
374983
334132
966295
491904
433468
79714
790323
119551
608393
406040
305192
726623
690507
20965
705959
10825
491567
62586
764676
744311
777647
438717
5263
340166
929914
954291
405427
318498
664117
196420
481315
984247
248213
891901
58241
261967
246832
919954
579993
542009
248031
203688
428795
269700
595156
335794
871868
793347
962254
395962
459220
692947
564799
926473
850742
490737
445896
449806
511265
13924
876918
669772
787902
590049
769697
8508
707463
289592
559781
39777
877964
24476
38192
177599
523396
888530
146101
552480
878048
914672
641699
424164
201104
455541
992685
722106
296463
181368
867196
855454
228204
669677
670246
334387
381864
6572
971112
374779
958209
768399
474033
456891
112651
158093
392008
745785
196932
659784
709185
319420
470407
221692
873325
579490
480172
205614
594980
251908
958266
410908
880357
191678
314881
471756
770243
61609
700277
257181
453837
666004
102466
817109
87921
441518
768010
794614
691107
997416
340004
293668
675400
303296
630227
353536
819528
168740
263326
619731
801376
873478
565454
43009
68653
70654
465785
521021
935853
442718
203127
192523
666689
991334
859548
795452
725840
839429
379708
86763
431358
163291
201455
116417
695668
689612
384453
955570
125562
138573
86909
497930
506787
682995
569222
397173
191884
685742
489019
259394
894868
588350
12539
58649
923181
385095
952885
750925
640275
985589
359706
118126
663420
979380
13095
670950
649349
875777
325890
514026
12427
819946
112445
503424
655159
318472
609636
294128
884483
671682
867481
432918
461444
385769
544607
954310
327363
259254
112742
194487
706554
613218
251872
686925
220785
892499
939692
447824
695412
716732
458640
631324
846932
357018
255673
468366
858846
678344
297626
556216
438954
405239
610529
300181
96454
210217
578850
196802
195368
125983
440066
890332
621742
606990
798945
848638
636360
759585
596361
703106
619191
293982
776611
802221
226201
375279
822793
825776
814351
250443
977862
341565
937371
245147
606639
676344
573378
386809
179933
341390
169253
946202
639944
211387
646807
747300
946511
743203
756229
832278
933083
815799
231140
501923
323901
542303
984721
533437
317721
813266
63632
46925
381449
307926
558058
790843
345735
616318
768228
360723
272155
259994
999039
995934
145458
990545
310260
415245
980789
921081
422163
236137
421128
908925
602717
855210
735463
51779
168652
88830
216966
184432
848399
404734
588927
909983
816388
633968
798752
600714
939975
496084
956797
290442
711902
759335
555619
302043
180665
284993
685652
487861
910397
30508
110365
21879
854143
367850
894867
661051
660360
737081
546734
312627
520920
726784
421146
947613
304142
388342
706414
756871
164021
683678
245759
339898
36944
728732
334812
52328
418978
290371
38622
483569
638157
779998
906262
310501
973182
283990
788946
221923
503815
110958
742400
223033
34487
522133
706649
988597
789454
563555
503818
423210
181616
396166
495626
978520
523903
977833
14511
123562
429259
920341
303847
702251
840904
461956
29759
117659
62144
360264
204309
698282
395989
517865
140655
562820
3813
626499
810249
599169
770817
99197
520119
97290
752230
17447
600036
480690
398590
119765
457713
130880
236118
434195
25747
846518
203769
427787
159744
238367
902170
446722
822464
982479
475365
40326
402320
525839
787251
718308
192075
418128
392606
495184
782495
244033
820338
104100
338718
660892
831360
148951
808185
40868
979927
55969
880425
135841
916954
290508
964476
392314
682146
906675
184241
333072
178670
581953
737269
542524
358209
205027
583634
598591
214881
836147
899418
831133
590430
552477
774990
818539
433845
146661
409148
483831
842329
976635
818806
808233
887654
43495
253175
113161
209579
923244
783677
865186
247939
125067
51023
40920
264975
889424
833552
999657
959883
316099
215552
255959
440019
37415
783241
269805
606818
166827
475096
585259
915137
794496
62438
106539
846111
950010
546327
572911
202611
508505
674022
322819
494893
410903
92902
771575
680271
598358
899928
430062
75158
714179
578281
928989
512478
169963
218737
762400
740448
774099
989532
847110
406897
366341
774231
164084
907540
572045
544220
290349
710573
961653
200116
156473
543260
286994
730017
143401
476385
567580
622604
602864
53067
658514
57233
836878
401046
984716
868132
204154
991057
372471
701418
711582
843321
56277
890672
578560
189562
859657
465037
747261
960640
250388
126221
757493
447064
400994
323502
60196
903110
216892
59222
202519
92260
897706
20381
395059
203836
75187
456599
387986
687251
953555
532453
517497
991272
23825
300227
710732
337956
417832
771209
47752
657645
571206
749778
411836
691063
71544
10234
57228
824554
797742
482039
549156
637059
165280
173168
770227
643835
80051
820500
292509
356847
344394
440642
146603
62617
167282
828776
229685
367861
417711
214372
156451
459990
814973
445324
982207
201604
784501
832219
442443
942744
657050
157058
20032
160525
942111
817624
257813
358674
565100
481953
317532
900379
889214
960854
652818
610769
266787
387317
895899
970169
788325
597934
71711
120257
867251
568629
102390
102579
45765
599890
9721
392116
890398
456143
256615
823658
483883
619568
512746
753854
245118
7523
936628
811825
280385
639087
533517
78300
434553
870987
484192
178038
515212
961932
333112
191267
881830
782238
261247
95610
72508
452299
33719
452573
964349
945541
325997
768469
96802
241613
676908
116828
846883
226183
27892
159812
642370
679350
305829
767740
628473
406938
588704
753562
851295
873596
589517
399133
578945
327062
842512
758820
469412
332787
996502
961239
164161
854261
334105
680641
642933
868390
378332
461635
424552
206543
758952
706264
158221
320389
871184
961555
786100
612547
826944
301235
588698
435838
710226
582889
50847
596153
306597
135948
878816
735049
951329
668495
211741
384206
310560
202391
777625
987635
273938
39504
736435
990355
262187
53654
645871
355278
381906
481415
281838
179306
770247
286611
870873
477751
877940
418802
449950
108345
621053
970535
137225
827049
967314
425004
102340
739961
524282
878045
54945
299641
944703
956119
735546
100818
418641
909533
290232
579658
726337
869475
418775
741562
966856
939526
197121
787772
389458
730530
819776
106418
28354
423726
654945
18451
659013
954352
69010
581790
382095
903735
776545
921758
160167
757765
934235
110469
411823
697251
106246
989916
530175
395573
44225
836852
479112
395597
990625
381996
474246
76392
133258
802904
777198
293052
48627
698703
471517
166235
879962
474176
256034
248979
191593
573325
418815
217093
949435
191799
894291
631440
660603
533290
69487
327258
430940
7714
227926
838892
777739
475833
354708
320338
233441
874359
248888
788554
717917
293767
477570
368342
544928
634184
271920
361865
501774
230056
107399
479654
567790
531217
340477
254220
631334
16291
739479
454253
843185
381772
523845
447720
353483
898151
495197
567550
318433
708346
715532
320198
800375
242236
673527
493996
267019
960907
805662
336799
127988
100110
432380
698482
95339
68900
244758
188785
384546
513317
2868
91056
301934
8447
429842
282010
898888
934834
474747
526942
238235
898071
507990
854225
528199
448620
359519
891492
589221
399496
868821
895522
434712
501945
392831
161121
721772
329973
151890
938254
149837
644757
502201
952058
771350
151534
6362
529014
92993
562330
643135
780323
884613
868015
656106
199280
154067
722384
937475
238717
511639
461647
496864
364472
922092
296060
271664
687046
447427
204322
846930
562584
819123
523147
615487
404362
978218
14808
144230
214252
504455
827891
442099
271485
325215
268231
72738
423061
597133
268020
72887
724970
457224
279473
44505
148424
184871
621166
781520
771036
18941
987639
805276
206412
823104
637723
766274
81342
108709
766827
446095
810544
218329
777703
635001
825962
124375
213394
168497
773992
977444
970944
78604
388903
961906
499921
136071
260948
667716
13143
262750
825011
279088
577393
261749
843701
714459
926791
123607
469839
328740
854170
821094
961355
652237
954758
598216
64746
827191
566062
549739
215908
867654
600825
746636
700274
693614
535047
71018
750203
496923
947278
698261
459560
242215
454425
495942
822431
924267
585678
489886
946485
566023
626584
707583
627329
628610
351299
240306
852925
404670
415737
623626
853573
550857
667490
250958
47897
240452
391140
58420
106520
165934
53891
94696
659567
190395
439658
421106
277484
124478
587154
565453
115276
781908
448508
118246
816249
563882
64988
765848
10883
803413
62427
870860
446234
488334
587261
9404
716096
936056
207683
60635
115530
388461
755533
801493
913450
533777
628268
210564
861023
393520
258805
960544
552587
738389
507682
797133
29090
982997
950811
407594
857816
335984
777238
705175
687265
658661
258720
858397
639897
205217
665407
579975
459305
259384
672722
550839
649088
269684
945384
877994
519330
395053
108342
336249
853274
240113
943812
837748
555592
163688
348089
846458
301469
926033
341446
231952
621677
27677
434031
336265
460851
127322
372843
41579
762123
107512
420667
700235
631443
62056
737657
427826
381261
813973
138173
837360
864985
338925
910229
144059
610256
618079
398539
158022
742632
742311
878719
568743
687316
522678
590328
379427
958293
964837
470287
938567
593357
270193
372137
629839
529474
801426
742657
673751
897657
30268
462772
662415
4007
534102
399060
832333
215631
453481
620046
296218
956549
407266
465196
145931
75740
629633
365255
189397
311290
760624
132941
305464
213226
933209
731
36025
41542
672077
249782
796691
549782
871235
209668
470328
871909
352249
189687
181822
425219
69717
286306
412775
932722
745872
337975
961415
781647
229506
631436
771480
503206
705416
275294
953318
775757
583440
925939
268804
364079
217222
933159
196041
495627
26406
412802
251854
600151
412009
608419
72704
651012
424300
466575
313992
44322
873885
479589
631313
773669
815531
750835
839287
306511
29280
429767
552674
703704
835810
885076
486157
271477
864663
373297
663594
735749
642170
487394
732153
32514
627733
50766
521131
971652
339263
851216
505704
446747
764272
774617
1754
192691
390612
768478
578613
274722
43631
697488
270459
868440
692698
167000
326829
256596
150464
197981
550736
874251
719072
362879
693837
982730
669162
329754
672175
954466
152719
91010
936239
188873
116978
906328
501789
801531
710359
217875
568443
645305
76427
418337
503858
671430
631786
207205
111673
6275
16481
751192
235168
807768
564573
738738
433653
155547
788822
747038
850318
161523
434716
22122
266767
956516
855445
714580
43553
512107
855887
195082
334714
842132
189606
622139
934571
515757
902597
158664
652984
246493
178577
87373
575592
68299
944841
55599
775339
960257
726417
439832
61824
838876
376755
150098
453588
613645
599217
663093
908112
104430
857434
560152
857447
889962
592213
882612
752148
978228
268439
421672
427155
281744
140320
893511
113
324971
825165
317735
512295
886691
567587
397333
882816
809766
414662
547005
728325
383763
74036
356865
42732
313449
396946
953648
536938
849632
714449
29836
839937
572686
997093
600146
73923
549679
678306
472270
588655
692406
503427
526348
597316
179436
768398
27938
529457
859778
417240
674275
990916
335706
425218
754793
39437
887816
338539
795795
681586
376289
101630
380176
685407
694124
231090
484430
449828
668270
714444
826726
931360
705932
195866
254325
16536
746704
976655
148090
479531
2611
236928
177157
908661
463918
755375
861733
764832
225299
637357
122161
8388
745705
98492
648301
733880
675205
922507
602275
300937
875787
541313
676136
772332
236605
857089
144201
226521
733762
271137
458021
233753
788672
422034
421781
919198
655924
207906
53168
776381
908099
569540
774026
549426
576522
849144
373934
340496
640971
609467
407878
494603
710254
562432
666455
141526
116150
903982
244832
717122
214851
66394
894648
867241
864459
27088
888002
967415
847205
714002
686656
346181
994629
429319
29400
608763
982028
99080
537999
301607
115037
772800
985981
871570
403767
147975
908600
896045
472627
253732
515132
376541
39563
590067
83710
343024
134294
496955
771210
788302
796833
214654
115637
344376
247195
150442
244186
464872
318155
348751
112848
215606
354579
520278
733340
123161
629742
498166
192452
317878
782430
416359
911386
147181
351207
271907
553151
399254
539370
670082
411325
413288
218312
329327
792924
981702
574726
734568
834864
390315
574573
102916
855482
616852
355681
437035
312539
731548
771446
120053
490337
487279
758916
625091
77355
323093
124998
296536
253685
684791
159943
330467
601245
220638
991064
569241
333686
732191
838167
703255
924852
760211
928321
525368
547569
172188
107584
829879
839441
566319
343430
795947
508803
312131
537932
739615
140640
647049
159043
214664
227792
12214
87310
303789
658652
909178
817146
657620
333270
565885
886000
541622
227772
233323
408180
116000
539444
985080
456355
577838
628698
918096
8064
422159
293276
976928
175334
906506
428637
893599
999474
424149
707876
549084
740364
285007
793432
664385
258038
963341
943382
561698
197718
869852
378381
678747
365050
668183
94696
181734
373102
920056
825344
960479
21812
252008
975359
854873
865238
428811
593626
311624
898884
330712
126211
719933
175474
424520
105001
209856
156913
869564
770414
97566
833370
470705
135399
126707
795369
365637
12910
540107
635059
637127
669235
580597
144693
755016
539264
774623
709815
560390
197716
992018
657966
814697
951742
100199
527634
54510
154651
662567
952933
889401
766796
670893
375086
982843
221753
543969
352018
400315
518485
276272
896978
848054
998919
45682
844919
757090
487203
90851
269591
723782
695359
902070
96796
626469
609452
823308
334797
841673
489293
495101
666
368952
691677
610523
157189
526654
915462
53947
800788
867155
351269
335942
237471
53338
203269
88826
314318
67362
878631
918785
723466
437832
425794
374035
894288
750068
903344
691518
857531
393387
228216
687518
605129
329971
303130
637568
540615
243682
93190
838247
331794
573773
469496
413778
281188
869161
769430
852678
178861
512316
390939
161639
997547
620410
740237
244484
916879
379887
587858
932071
128665
253332
705260
146953
511979
760932
586131
949975
254268
673258
801623
382773
549246
437652
231301
309167
572818
740711
656313
57447
569907
824022
864962
576781
740159
135648
100928
462763
449397
469246
739310
301238
559217
989650
289795
353535
658820
518209
390659
743816
44071
696100
379870
231482
262857
101294
117855
725207
254542
770935
963214
833328
871531
694543
747318
741837
578322
441748
126530
248811
939517
963879
918872
66600
819720
744577
261233
997382
755675
30063
71339
483824
944777
162045
170736
916517
833132
214185
742884
808123
74191
351309
542433
549436
246240
842595
209015
63600
480191
528040
85830
201894
512453
348537
383782
237544
584082
154896
548593
433695
287405
836317
100602
604823
856712
456450
377098
847296
597541
244097
944170
740094
441351
755197
288952
465291
876435
109566
200861
317423
23885
528670
872234
7370
281395
212145
117262
546513
425200
670934
419885
286056
47780
340756
313740
485873
893476
77162
325460
878442
227864
313217
440039
79138
333227
351394
969221
823615
755813
535130
703173
625157
774755
151180
726169
176307
665109
669437
999551
254586
162604
472898
119279
636098
860766
598316
371782
491291
297726
536627
905692
35972
14814
138860
381915
114936
43746
131940
658904
251327
17108
120912
601502
668894
192803
211393
845646
190275
879417
46698
188744
559620
800354
53223
19363
874672
402362
974173
206770
457186
351139
554557
873093
399045
99726
612070
716059
198573
770644
103965
204484
818155
757505
821049
557494
707757
365972
263411
469857
764242
642033
287066
257612
977689
202946
301725
615859
387041
436123
447895
521116
469453
108604
794601
548869
15287
97899
119187
335351
357242
469191
771097
139203
757876
707117
25486
97100
715224
139358
598299
788872
140283
78936
593422
636430
871721
635471
700501
5513
617274
419426
237113
603295
996417
680311
77451
859246
517485
66593
810306
396291
466124
414510
118063
292296
808098
808112
929986
160069
90327
858615
769290
899755
656032
738344
907339
72178
582987
536064
822698
521285
57885
288597
329272
160892
511505
963175
242068
446834
25291
233510
608442
988369
13221
742626
774928
618279
919364
903864
932411
212279
694579
731743
484880
737394
189239
705080
315362
387886
482525
651953
989902
336546
812329
543346
153912
854385
79744
413409
974490
625162
959400
350535
487074
571036
598691
923691
154841
352843
673734
674106
351176
718545
615841
937510
680378
566501
13738
51907
147915
885190
778589
687411
627824
272723
667309
237049
988841
298519
774534
112921
170679
243725
684884
788272
194086
479633
713378
994467
977399
254158
618690
583122
89536
334270
131325
263923
313763
838687
378889
607555
912291
945365
444778
324976
72596
384832
292063
322892
642211
433419
526900
267838
787119
466557
956508
947252
841056
588385
119157
974341
873436
969619
705223
667420
689101
740517
802428
489801
296354
342151
120552
257898
683925
650467
801613
28832
313034
473902
215950
146998
422887
822576
145294
855007
412119
294044
864900
549143
101309
942321
144733
201378
861313
239271
200581
208614
29104
877352
801565
221984
964544
595373
501813
903398
785857
861897
990237
186984
525836
349341
558050
363249
553057
226583
508641
346226
880451
904565
198727
411806
443999
734169
717901
740300
458687
147787
267499
921448
484114
251649
562546
187175
804138
868839
387008
663153
457861
509998
338247
425117
67238
880911
733006
503678
446385
451134
52215
777390
52978
817482
802688
351179
420413
258120
131007
141794
452772
421440
429011
764078
186675
998859
532739
88303
396866
21042
613285
51058
427873
397293
626882
803836
422926
191297
85836
458634
930695
363217
256737
852922
694392
953759
760476
565354
341450
74702
190101
953240
728221
195757
661559
638399
280927
920421
720718
965905
977087
393722
526919
642307
550135
152710
30021
481097
729066
173913
441969
208645
779798
704655
984378
950394
38723
690132
412847
451769
151466
314327
913620
909112
998784
459225
666259
965343
961756
961441
400682
498562
794946
329781
674350
778918
450806
795153
802144
729933
814137
878785
723573
823467
74264
962330
804391
48706
235644
771839
67520
512758
918185
444993
393984
204344
820509
531680
864894
943705
398901
813769
453043
272303
711705
250282
235988
54595
920360
749142
382637
996349
595836
533917
721354
139597
805748
305069
925617
247808
187981
882496
632805
590718
394718
290726
779691
885500
986843
240336
882372
12535
633321
739523
746982
823863
41921
893711
642674
545526
343746
858270
387218
356411
470853
314723
163848
969302
39486
96333
348655
448880
533490
131105
446476
178936
326309
869391
447429
190907
383236
554889
472952
750417
517364
715103
279357
287492
582697
806782
626907
65132
578300
937353
252426
872017
961370
552252
517095
477538
318939
628159
928407
395279
124089
246288
600838
203338
103635
444766
609206
883042
288066
740353
697241
59561
437095
288311
747483
912273
637205
741229
153052
292167
440214
3240
571317
324101
669621
136390
814824
951784
996423
3505
596170
104143
33115
203211
74527
263922
745112
474138
553656
21196
775761
18568
428070
695514
591408
366763
441036
699803
856872
333219
997776
596875
491298
180267
731371
609854
872568
824486
949680
591165
241751
454510
669999
298519
238970
200347
215282
424726
549273
335331
767128
935531
308711
142359
753538
347199
689666
949196
164705
386918
570984
711278
517879
26513
215068
705239
129223
3290
317668
887485
17695
495502
754598
245401
769427
953829
794615
577105
232745
469921
157508
495502
498882
563209
667057
364246
215505
650682
113525
790266
991004
456395
267795
847149
814870
482101
314460
452270
705310
14960
85439
375242
107519
961333
180516
818766
358488
465022
661561
749682
195278
957242
218988
151197
12028
431721
793914
364572
954248
106418
343382
418743
165604
797241
506086
417293
809578
595565
403409
215181
392275
880422
430750
430161
420130
808917
504098
215604
900950
420430
770230
386433
550480
400150
698363
555846
913955
547516
928023
354124
591405
353587
347352
266721
266059
14831
782320
240828
402590
883878
576488
636732
701840
136171
954824
822492
743619
620404
849830
565507
621868
691839
503989
176384
204498
151189
916076
425215
165509
767502
486320
254349
302879
373074
764218
904679
455644
563434
841788
839184
481736
715053
731923
474367
270038
896726
82773
35247
220134
538421
545248
107223
955033
383254
54421
949746
135137
12043
403168
54208
162045
45544
974064
821814
360200
398658
148790
471737
811019
912744
411351
709923
11655
638849
438413
270361
742495
433801
736558
263444
76859
467900
449879
11489
295591
230277
636942
429384
522149
49934
336468
318634
867666
933195
46803
96707
582160
941994
766340
710981
55920
712063
955718
259264
938144
399101
952156
585639
325990
930041
613996
892240
430434
631308
781855
441485
909819
790134
742514
61123
998641
749441
947866
247309
757666
332547
209445
638822
202166
339650
840392
935012
438225
387482
104451
499902
36701
666300
92330
432589
181660
998361
903299
203002
8898
101304
973786
68796
197284
205832
530511
528640
938859
979032
576294
601383
858449
45977
328526
896272
624287
551192
799992
345243
489462
401120
815987
30631
476168
487934
27387
501990
167640
279973
497179
594344
770719
350373
689681
935381
32370
865713
874168
464851
364836
227063
521996
483225
407082
683267
799851
818529
737929
871054
497874
356599
103581
699642
273004
589302
127791
49475
681704
956641
897557
51282
12427
754928
127525
722102
938062
134924
760449
60889
789234
516477
333917
511430
763076
857393
837243
151067
502046
286123
715410
732602
219053
2547
980408
740006
764095
746613
475595
186801
765051
948335
754346
484484
814047
762623
497798
794116
68361
123187
856434
127764
593542
746790
915086
467473
925606
378923
693188
599123
17559
762844
205397
599424
130503
778191
749590
845919
292905
305474
647895
96801
950831
448687
966092
506236
161970
243279
192335
250762
924725
522507
592406
801522
424134
223841
763307
718423
533459
719808
756973
845600
638961
158435
859099
985952
583165
500722
657473
803144
782121
587877
212092
638420
107654
344353
60696
192272
498989
849794
403328
138780
881687
248837
370363
417663
588311
176775
151623
293116
805662
267947
429556
839874
575831
317697
300045
793470
890426
133863
817815
59034
753649
200348
340414
348539
87754
45727
185683
389143
329741
344391
149913
903596
412295
980209
829303
109954
836995
251172
327624
288706
237872
428582
502065
641884
410065
375679
748178
91837
471096
693636
909095
467050
879334
464751
227238
517339
771097
300064
892516
832796
235590
879894
128886
24941
712871
115572
871562
775137
415845
621770
545991
28021
903529
809865
413322
629298
740190
532357
632533
579751
198232
839894
876704
25724
192994
827548
886034
788392
720037
563399
332217
334121
515420
442546
750720
203994
850982
570451
415726
521290
498666
255711
684207
621553
275983
341316
735654
346290
586852
582995
738263
363440
395839
83594
328044
861829
347726
603510
955153
894334
98792
615393
591963
902227
637937
609403
853711
461113
140234
726938
74267
40213
916176
122105
363619
500366
889990
372448
340039
230624
701837
440296
964114
676380
309070
133565
113763
806015
527967
85613
938578
904454
287264
939362
618676
297959
151696
