139210
273456
35411
976079
194240
480122
515555
280726
631724
131994
129508
179758
837368
456618
191860
618733
749780
875551
108994
32009
996363
335808
880476
606555
90737
110261
94756
152181
184522
457210
390469
435983
492330
243743
396397
153289
872181
744393
940395
202291
974389
434253
318098
54288
589513
431957
289306
520259
90357
799379
504007
258637
832962
635580
760919
566737
183967
250335
500272
390543
725873
267735
604337
201468
539218
654400
622763
631553
313667
133907
983642
339145
602992
132307
847835
794788
672435
517222
553556
6695
672478
844279
351310
689738
142125
835439
161279
611392
339316
446835
125158
462975
969387
698926
682767
607192
512749
173826
921309
824644
448697
536763
3122
711230
294545
820768
164293
690958
258455
544244
461205
254896
415881
704646
563059
386242
510869
107503
870021
869065
259879
691953
824836
861980
625194
457812
533501
941114
303273
754671
281429
427592
805092
132206
223558
470399
403051
258049
934654
428802
499899
444706
780049
720331
911186
568377
808186
414440
122515
294094
414681
804774
46251
912668
767200
252546
259440
253935
424198
322937
880221
614116
26566
214604
398477
790999
246725
41555
939453
469345
628834
227073
576529
453355
523896
351603
641917
996727
639009
240154
497940
180142
239052
478436
916412
408515
247269
469460
123397
380414
265149
718395
653805
498631
254903
974828
616463
281490
824350
48444
292371
419799
634565
71820
702583
3662
225445
450510
894236
632048
126641
535099
392944
109417
677606
567158
198102
784987
203879
195371
477096
196080
481590
381490
618608
465808
912480
989417
206660
763226
850907
165621
970314
263181
533551
274899
385630
259736
422949
954796
266002
106906
295608
403836
450948
954814
970474
895589
485526
688844
218179
522477
121537
949210
465353
348222
904038
955417
854029
411223
584718
971665
909241
360852
842384
102602
368912
120303
123451
533086
743294
634341
118510
174154
914599
103880
454158
215414
892687
537466
877765
484092
28335
841377
430926
825503
320376
500611
672596
166467
216377
999774
473165
957407
310399
210249
973178
985114
745644
589532
785751
344372
259036
889214
294969
405354
247260
953191
174137
43098
619138
535334
489884
185696
17589
26056
507257
601973
875211
35254
698918
110090
701249
23264
85738
812496
695457
341677
385957
415153
22930
574482
45473
880272
783452
241250
553192
583711
650417
646645
591217
779020
38341
335458
750275
379594
425983
117746
899634
935216
83749
735143
342228
907590
179803
586312
205896
505974
636570
941914
525888
550614
430094
930663
972842
744236
376356
291118
346810
687738
442844
556636
929291
184437
594719
411896
791100
363007
466025
615713
797365
152220
951035
46203
235933
480439
809896
612478
427941
558468
84527
105081
568054
634831
944085
488141
929093
721731
889547
244136
590453
267164
463583
788859
935378
465073
515262
802476
546194
822805
421356
883062
82489
13796
208573
995888
78860
751357
757996
427825
997529
730276
656655
400247
532927
560945
507171
765365
246279
117601
252776
610238
262555
384889
136512
217086
256570
912951
760900
858002
742208
193808
831379
609409
127573
478363
568688
74862
950240
102050
193584
620601
447190
269932
259550
651794
174572
763871
806149
184315
813064
965209
627330
710286
933177
756894
761992
752780
716248
540713
366449
811342
642951
30802
215004
405809
879597
911493
130139
909159
719529
752975
148201
569570
883572
465099
616127
247842
176339
57185
595917
747758
991556
925904
945340
866627
731061
182800
80440
942484
399223
341813
522310
743826
887494
588730
983075
253102
918887
725082
761190
694088
810298
579845
287989
295248
59998
170341
968361
535148
470958
782766
707787
621417
329631
272598
286336
610048
771650
434356
675362
823007
221333
808018
435600
3479
867223
435336
108216
668491
343819
83216
548345
601400
587948
660777
411806
341253
328909
610542
851202
753322
990823
404773
589015
722647
140621
275239
514500
422943
575569
609547
470214
351713
487635
73673
819291
919137
200947
106170
732972
929541
760306
312750
328712
368389
81689
615132
843170
405460
128590
643717
120428
627163
940757
150121
138448
687917
336639
248150
494193
974201
992265
556987
211193
974683
8569
817495
834928
527903
450039
440862
406732
271730
212008
375151
945289
359910
466147
133298
879902
118650
178048
237659
271402
683953
33636
130342
578684
366213
774003
735413
586100
328695
75282
627868
774911
956535
778597
722562
612176
885516
688083
385827
674041
681981
790933
253041
969439
920723
456777
756101
931379
832822
926695
971098
120406
19876
247846
394324
586740
653236
642121
930853
410332
335568
994277
730711
361425
88341
274101
566680
993674
132006
915614
578212
613941
791597
424183
838303
82771
191252
144533
739339
103520
55590
171126
28371
131653
854490
543124
760468
626803
270254
995864
718947
195430
935845
33948
667615
553905
581570
844920
992697
154307
951631
925079
371352
218863
616968
698608
220571
360874
905500
845763
598358
177690
55972
671711
504189
412387
652546
281878
582259
172491
298871
875852
728559
596944
929642
861923
950486
909235
421906
634365
706682
156049
930627
981540
543241
338548
817239
152919
434476
130715
160622
61415
627065
139170
629124
399867
399781
762937
479564
566083
273217
251589
897751
230645
330388
734169
81666
546743
259128
240123
127702
749668
354670
135148
545370
409932
495810
255346
429505
921415
58045
825120
550734
530659
268513
712553
45735
342155
351205
31024
294878
519883
590358
656917
295657
970170
503489
416926
492912
675888
763039
364441
707759
259290
565335
631472
837893
582958
396220
182337
542095
818700
457403
422255
515820
213253
721018
697063
413782
624746
791482
363134
177105
288931
276185
674618
487958
147350
972941
64605
208121
813901
327417
296331
79008
303010
5157
339123
758840
677298
405084
556103
444922
373024
118356
116557
405934
588296
62720
166918
166509
472435
614260
231672
214955
861404
619681
587534
70159
493520
788933
856626
594759
267517
980194
807729
193883
125362
483610
931204
11862
65461
346877
8675
118477
810757
156923
336522
549148
477142
313936
576838
557724
707274
463279
48163
87280
413291
558822
429466
482410
848185
541340
152797
994987
480523
244130
792412
566292
625267
124023
146587
91914
73248
810817
582371
848536
327508
289544
970991
263995
154713
78088
51791
887287
708223
214242
629974
342605
757423
665809
43797
925781
257924
182979
411757
65442
848212
460506
906966
194266
924996
801577
72387
473644
37196
297952
362296
307402
530082
6952
291503
908357
269905
116687
645566
606867
332759
92827
637575
446121
189892
154083
231730
592874
739699
582343
672961
830276
530014
620904
389053
601413
563327
780982
86630
822786
597636
915179
66414
214094
123113
595113
827321
313781
699409
280632
544552
220976
279049
905485
580000
170738
493384
543126
182120
890961
292897
797958
346783
692758
715246
878173
148996
126028
335807
330553
385953
803952
276343
864362
356452
120571
302432
47805
851584
593153
395210
766775
799644
272801
363862
42852
740825
366613
890324
918477
284343
752626
368219
506108
359072
304257
822907
391578
50420
880893
495328
963456
459418
53713
535415
796113
462531
565179
289495
688105
353449
865115
328189
684821
322342
442153
360016
101452
228949
725319
153925
844401
286710
161287
3484
115438
611494
895696
837932
257339
545880
204117
263035
895938
167109
289032
532213
906988
651879
975776
689421
582269
805598
719986
679662
825926
12989
501147
806521
407148
901413
316885
291277
974265
291431
948978
208104
154244
864550
849396
981567
406178
755377
309306
867506
240287
874141
910858
367622
645843
81134
325507
283367
126232
295919
185166
541482
393828
696586
981716
742610
511398
582054
309355
11548
357909
743881
167910
532377
101783
894958
910589
852216
704678
464640
560496
828513
970989
56065
464959
480846
1307
610550
838061
214666
11876
550008
127238
662016
164415
926650
983300
436375
134589
828987
643671
882041
482495
321336
833653
737580
580689
276122
492309
433097
372534
143266
791065
378957
211508
943745
336023
766040
444371
804169
661722
548901
180325
906024
190317
484309
561727
819344
150500
679829
549417
217057
674212
505302
542173
919360
979215
325986
872904
684622
823698
129956
255049
622595
731297
259540
825606
262065
669391
370956
559705
846735
109632
801238
993656
358882
846505
903936
264384
525223
163322
650732
584724
897603
339778
126945
538003
605362
757927
253390
902375
533308
128790
499183
52270
914196
336995
676390
104108
273839
63188
239990
771297
806448
943378
402130
453370
331576
807661
989083
257834
596559
809008
617137
351292
615534
780745
444252
232627
864633
639616
941908
286456
434748
802523
683230
984515
187575
806431
468018
418522
593070
7594
19829
660970
930311
725030
384865
139551
335908
468111
704688
149830
301764
563074
514821
374890
831331
832176
705980
393484
319397
336885
201759
913000
81196
31798
237434
845827
501332
600169
849937
269309
66824
700715
313680
156494
600966
792593
830996
792179
486220
38528
700628
633806
494225
31151
619240
315236
845985
412602
864947
605345
500846
468013
35290
669465
675773
115461
472319
705716
937248
518448
54937
327753
107797
991127
702235
323632
551299
835254
472325
462496
249301
718508
228741
437480
769676
480842
874878
558200
460240
588315
422300
371496
354752
784967
460498
586415
407665
125519
774779
264142
719186
474528
154061
19736
399565
753119
228415
599482
765258
824525
785260
422826
921028
498698
311540
933611
679092
638658
889201
958226
30795
862472
64027
262038
566781
61914
603711
857052
826550
497464
888332
545318
455658
797981
94624
255317
872740
666032
892380
204864
563997
348299
374270
203819
976374
917595
55762
404498
391733
637764
94614
923870
827337
333705
922711
374236
970597
217675
155240
536999
782683
812452
621165
588513
608092
277250
786977
693283
423196
666417
655561
176557
169841
650581
593321
871025
548520
254160
860560
340170
588421
643495
178645
997911
429339
674544
601177
854206
169694
854446
683241
499874
705781
261763
543815
776598
124738
900480
444476
784089
390434
177763
641796
344546
804831
306092
293507
942953
368062
445148
320202
559336
463293
701870
107698
176430
617251
940845
370326
976578
729540
764737
699005
594699
330152
975695
181444
338807
629978
111446
533867
539894
482411
535156
738483
154034
242127
838817
169123
266589
955702
389403
561791
907892
513749
250275
129287
872304
840691
364355
213465
803843
673275
163760
936313
370310
39107
115841
226594
78752
868697
747084
422365
481325
806711
401849
841890
137618
591243
547243
741284
731956
827792
672943
553764
987944
596993
902369
721849
485534
979502
962466
992527
931957
623000
259951
56065
229942
307400
452473
803241
943820
138704
141060
340507
817591
982991
534862
170231
923674
37517
853618
298180
400827
359004
184810
408844
404153
648677
862018
927924
914192
558546
184825
710433
608567
154531
917492
76455
974578
95723
268771
742134
972263
195130
57909
527020
836739
407562
881826
302125
396997
222338
377115
643553
196139
451482
107513
849816
505775
549692
441932
45150
874408
39236
623524
391674
76120
13239
932340
444283
564456
71529
147018
391590
786899
334470
294403
363858
640147
621349
144705
400264
896392
518017
573385
516897
99541
971383
789119
200933
182131
606217
125922
867673
330535
603696
223707
909391
811764
149906
564506
957792
257462
128012
297098
269105
702093
275042
736845
278103
789116
2141
410154
963500
490981
849284
9042
521046
768087
719671
105376
768145
151786
311640
115296
651331
110729
316732
10944
199651
807154
478223
127552
269350
585759
220101
841285
818597
911093
269686
446670
758490
501257
307399
212826
428536
62285
137016
293505
704668
411687
490402
173586
625720
503047
123666
770924
711889
301335
681964
667327
715165
267979
46960
206364
805596
591402
465616
614526
503596
44433
444245
525061
620631
653716
740392
328468
202245
108737
406853
69046
310581
788457
491208
635151
452394
111743
257192
145250
155372
327421
560733
543792
674069
41352
931080
815153
685133
370932
469741
333545
905526
966913
437735
342478
121290
513906
661386
172142
85554
183223
181285
782053
817055
704879
871552
715476
107502
429165
217754
84105
319754
989545
489980
873270
370282
934098
197661
509591
444067
152782
748292
971037
487588
986585
207124
816894
704219
369846
872663
34732
902205
222971
265662
959907
232613
49984
989849
252492
332986
841197
380086
956580
342251
331295
116506
762618
711727
132779
587012
78178
983739
366317
669720
265490
294408
772521
628622
325253
761570
710261
915734
448587
900134
421522
114513
224212
612149
621085
916824
862809
871803
831554
368187
641186
246460
102627
973989
537456
30914
14026
865388
902653
68804
357745
953617
419175
424705
354013
211501
314588
484768
746678
440634
90257
653884
496961
848238
471582
523861
504736
66731
50452
594587
220243
857583
5258
576098
519801
829209
587756
826310
443174
718542
339775
933881
602024
366291
768708
455598
187515
899179
26751
838982
230836
646004
559266
437764
58957
286247
682623
653676
75688
857817
710202
191754
824159
732518
388066
492439
510100
512587
583316
874436
736542
890791
338850
472002
579221
932973
384948
607082
241056
1904
476966
71062
755035
222701
319031
358351
386969
997838
84044
373089
722249
48528
402395
447172
441083
412805
735611
334028
596406
572734
555373
883771
734778
638979
688863
726347
982252
705833
146929
192153
64415
243572
63160
860
742680
341529
27651
872461
996908
590182
230349
405422
382259
581838
411357
530699
862422
977540
641233
67690
880575
202985
65796
728552
13350
629146
566078
179866
186484
442610
322453
165204
45898
342877
969483
435436
137918
313716
721617
68794
96339
394199
210948
269501
127982
28741
233365
296347
99251
798447
859132
863552
977811
654880
370035
514411
586507
700053
426913
856990
657676
743484
221560
703904
473165
752819
558299
509632
319148
734938
623231
89726
293451
214084
98255
130622
512422
21010
383029
760865
213821
201403
405338
260967
648578
918303
786960
509443
387703
400859
741648
556810
451346
907840
367229
256296
644360
132028
694062
884755
527265
397789
138158
420005
367306
109415
330141
371959
32072
896457
266392
788307
649616
715728
819234
817943
658209
342048
454901
17589
237947
296082
689956
941825
56786
313087
809162
286187
430264
342434
370331
189264
75567
771223
470060
322025
757122
367988
774300
927766
757898
927521
261243
916334
629732
540382
62413
176899
950067
151504
660929
237884
283143
336600
925677
408029
941874
515425
494948
558836
568356
626828
257145
93937
269761
688484
36087
123382
933269
765602
909862
599449
620257
621502
906976
807935
787202
626114
122117
399094
212712
400992
544897
678838
429678
256299
171628
685723
175960
668791
503001
442446
521752
461135
712900
724993
843760
108718
124908
271794
258167
158753
588244
664625
835930
70158
923563
76978
337229
735526
117053
749695
801765
21158
299995
159262
414475
352569
378553
741267
761706
663308
716968
320584
720012
399787
404591
216033
542919
831773
550474
887079
660265
617315
735675
53685
392539
565459
689498
148088
496945
933734
677725
493050
764407
392701
374031
839957
267360
906308
439544
381576
684766
332039
937323
88580
314631
417990
648689
483337
246636
710972
427787
731424
450761
875465
501106
896167
81892
915893
43881
825007
364532
548839
820901
230703
798461
228859
92252
88950
969097
952862
754182
601288
630285
145241
719948
793291
775426
487397
702734
604161
243332
456047
325992
155776
559546
674551
464174
417128
344445
116953
291609
387464
421226
610958
747357
170233
435564
382866
175998
309575
167888
23815
497156
702172
221573
867944
513720
265885
410164
402555
368398
517772
492788
276043
305913
380713
151228
605840
626872
135988
505565
501466
330290
435244
996251
779668
661940
164253
5836
284139
15823
354208
849159
297117
229592
845152
107332
303649
658711
533017
812911
465688
149046
829283
426179
505148
103091
348121
540224
549118
9784
579639
82157
178195
486942
654876
485690
602611
667706
357940
244363
658931
612091
718585
562478
942677
34188
686040
574704
146902
131697
209641
374485
997570
179747
84464
622600
682139
550500
285072
859909
122664
930947
720096
724826
164698
354183
875394
998436
149224
919434
309487
108249
401940
80686
731486
719355
435380
877171
331869
321131
716538
312802
444796
696134
191291
825231
594000
782836
428629
234918
653498
598402
240572
694641
260164
143667
859828
185297
829762
326530
147923
736231
48278
111830
31869
150408
790558
657502
664286
743391
989591
316667
713793
564843
851784
564540
705375
172558
550273
240195
935750
437673
278996
223755
943280
873117
29149
614891
533429
774630
119170
380693
766520
207245
888633
203269
331378
356946
23714
626162
918969
743273
278325
251262
363284
21649
499103
129358
384932
896817
598804
504316
536899
605059
724701
167351
892055
557140
995442
678467
175263
84661
842073
845445
394262
593552
311455
294196
822557
242743
950757
909216
584911
247552
237191
346389
348466
191301
171003
257569
641838
816024
991997
193347
659791
816366
873432
454459
289739
920023
302732
840364
250614
658136
351376
222289
920339
243997
305955
692898
478567
224679
332630
218498
640611
349465
37013
214209
653116
770116
537175
914538
719064
683335
785923
938056
85346
377227
328467
349647
157106
290396
721474
84828
212847
447058
633852
626032
252955
880508
941641
775409
716225
132746
53103
379121
954420
847885
884929
513334
675899
758084
661878
321709
644875
375405
632252
623085
404141
872808
277636
458038
621786
501542
987195
270736
701904
474604
215739
287258
908594
790071
223686
872589
320024
115906
365426
39822
80301
690476
618881
520513
274656
313810
3411
185812
437783
312470
822682
19961
451306
726411
344832
721409
396658
147837
981234
926284
48188
807444
592110
397095
903463
592084
824118
330822
421926
917068
169685
501795
862302
280695
569147
33645
377806
241081
754617
54873
432945
813229
275480
333015
407757
545207
556769
222910
331543
721889
724826
203651
200252
556984
916753
581300
367351
863326
9247
395803
630123
452903
27143
133847
510461
666219
355825
757895
523157
406219
71359
715643
152420
303881
847071
819886
127564
149953
325966
725405
333974
99974
987015
193731
413839
267910
652134
292877
963063
132151
166673
465915
977008
540998
330110
170321
325620
880929
525511
358346
134193
531045
964458
631851
128351
360739
604316
856181
506129
772953
543565
202028
375269
331180
283351
493501
602968
274236
79262
208338
950897
425656
700726
136312
536979
565253
315428
534005
603441
449758
945845
226733
169218
782895
356292
738349
967721
317312
333877
227182
823389
72666
151388
214096
626377
463161
29876
953353
527354
568208
9771
46702
951229
281774
528779
727704
404578
873274
274818
73939
766451
959890
707682
354109
367267
830587
167529
513865
57184
787755
738094
903785
80505
653797
444079
129144
868668
464020
154736
348005
774369
201177
811134
516413
679117
248643
691182
106746
62734
977768
272278
310233
867548
679982
972709
362534
497712
948884
115413
844627
222887
904869
552354
521316
139929
812792
537701
671150
751809
862290
908559
622399
722188
790528
251030
985112
470736
591087
843280
747104
247808
734341
767649
30162
525643
11336
881509
81528
269112
38694
189948
877897
138754
713111
461054
831474
655510
628262
313655
797858
181726
977805
756897
980721
234780
119641
299530
506738
933621
766929
13421
541907
21557
526635
424043
780124
337934
52600
474732
23124
775805
336982
339010
301546
184096
807008
579099
232312
131076
321808
948029
65782
785851
644443
425254
378508
619970
262782
233300
16295
81259
118672
871856
214002
964116
713205
753804
10475
926301
604817
753116
127758
851162
68076
305153
950931
736231
33392
188078
9493
57792
719095
565775
906493
565811
888160
531349
135847
705295
989737
408956
920203
67382
57773
225693
916412
285358
979623
44820
140766
192205
750857
580234
871741
581697
967355
499378
981300
43792
525302
839525
410240
356162
973875
342136
326166
642354
332768
584651
933578
968555
443718
612946
396026
536669
187355
725025
181922
677266
683511
240397
789672
330107
96309
356541
856284
331499
425294
159316
144337
314684
553446
468194
872535
913846
86235
816374
135136
398310
433907
756059
631319
475167
402638
138436
733388
310512
806047
693603
600860
179894
48455
706474
919490
350434
115015
651958
143277
632940
413844
70559
220055
606734
559995
637375
631685
519647
678754
730440
611049
343701
335288
812029
679224
511847
711290
955534
413522
135980
599653
608799
396229
28421
47237
430873
169820
697834
388215
23825
296141
507865
304846
202484
295823
843409
715360
293516
309164
793512
736
165182
253593
738786
858040
866361
335979
56929
733921
353631
457165
105770
553772
358907
115267
335134
787628
221693
788245
428568
640030
94234
578129
546540
302169
726060
755957
874492
759416
954295
979929
390056
516522
424208
682910
371095
267950
279235
1176
524137
984075
180215
170436
168905
410695
511404
34188
273813
967499
288854
518519
728330
769521
998805
452981
950834
456678
399739
125081
237313
951121
109519
146717
138736
206639
941263
76598
167062
677320
491198
394861
411352
546888
380628
843933
558185
874552
44526
946432
302353
268332
882934
72034
935052
364416
175678
964040
865689
961042
579949
371594
773511
693084
356070
264848
740410
534789
443652
327449
435267
905892
222253
60395
994766
698130
198015
408211
212228
406300
750438
975155
231604
724285
180692
865220
547865
107745
222156
64961
620327
782095
7207
719719
992548
180847
797431
363152
870912
597010
280972
840891
212595
201686
247394
899330
337855
884682
116310
30906
497091
854884
997950
825343
311695
835746
430158
984624
245990
660385
147121
540205
905992
539479
472764
870899
153814
54238
83077
221047
436272
240457
252425
510964
954704
981426
724778
894483
172347
135946
610212
538242
829527
98179
482446
146723
899972
502629
151052
302789
265046
297170
35021
319252
292218
403230
982055
510877
915288
253637
194411
245228
952467
757359
746649
270387
409058
964861
975897
500689
532968
749865
525868
387494
423749
855243
308224
551553
660060
775725
143359
392134
112819
264039
721409
959919
202608
974960
561237
664683
8419
172227
2072
160989
903185
88294
902846
48283
918357
455963
249926
690489
446546
461357
742560
451211
557506
93749
770414
733162
181329
25548
317649
175034
29165
148426
613343
424310
904138
605032
77562
711951
962800
416783
159316
827385
743099
741404
240898
931670
283557
866900
870291
825036
457308
17975
484287
45168
853837
767450
470987
317935
142739
463431
696446
57679
725459
524839
693899
805530
658758
576469
536529
73821
164311
711989
38651
366517
124524
645659
265503
455353
763853
781863
844266
137885
940761
998651
259418
604341
826011
213719
186873
311219
344081
341709
149302
174363
658138
453925
574368
695691
151077
389365
491701
721387
165181
670183
126402
447848
824128
72161
475681
37423
943403
714453
585583
428060
565264
463477
615404
836154
444864
530449
543603
457441
160411
916265
727859
720513
983274
496353
367409
372106
986252
950383
188460
58656
220699
958956
765860
441007
820473
779329
496145
849885
297492
481804
799585
489864
22946
100668
470425
425406
73416
990537
327806
787001
728662
217476
113857
83429
464557
199281
985990
854926
330903
607212
332738
761234
867930
954379
329816
471343
521118
47967
242305
154726
886741
90674
155966
833745
628300
551540
747165
96813
37850
558272
397819
260240
762654
355164
61215
336727
30131
710730
824368
90526
296979
332055
468026
388491
77879
99177
410342
185616
393290
681388
445664
61112
730692
463185
107505
412396
38914
129481
706203
239577
759452
457965
76289
644436
6360
381186
105456
842674
164921
426058
110082
998388
578334
427614
257833
323570
693950
443674
535660
973507
292059
592202
391997
747965
240313
854245
492851
163902
816592
911738
282380
218424
541549
738238
239554
744458
716892
996762
259392
225682
229814
119219
967032
721249
241925
430664
272597
961775
961050
371771
962842
664407
923440
872015
310361
201862
318603
9499
601584
587620
611265
491667
553137
272840
621918
178839
542051
34652
561408
791965
919344
190668
568404
118878
72759
167166
547749
754377
460104
232802
567764
856546
280025
812769
461027
742560
843888
396577
161998
586237
278549
899575
568483
970337
351355
178868
594788
448437
732619
361674
615024
161204
858756
159651
415280
645479
870851
934803
994606
579365
301511
110712
997684
584254
468101
784937
649981
65827
741542
978031
9168
136043
622357
665742
989115
889501
181611
456634
103011
754287
749671
162799
486166
880169
243229
846749
394392
383088
18806
375694
617551
790250
843160
421131
117239
329308
98061
396316
436019
306490
795583
620131
601983
199492
163784
908737
971393
3032
920241
256373
271530
460433
89015
409177
319708
498730
423181
266883
212256
175470
618571
365291
145408
880690
889141
253618
107040
486103
480291
756040
878259
882967
788616
486030
577491
943219
657221
896450
426838
701562
199978
101181
977386
161574
564138
526020
79671
768703
650552
142282
67196
216659
669866
134884
970765
28985
178297
798170
673004
489458
572977
524987
726969
270265
326864
433776
787853
902513
764283
814749
896354
558218
362624
410454
875541
886344
302109
836790
580781
372139
682401
851418
781921
427986
550342
520977
224127
50027
250809
181328
252583
860853
317860
751967
344574
762282
759370
866008
769809
844325
516349
781811
933204
363668
745995
468056
770457
664263
31689
900843
247845
986033
351748
442677
739911
780480
991850
218466
893621
845493
594288
489170
953675
728117
429245
576104
759017
316642
735557
359741
89561
632177
41353
309964
998269
502975
931453
466320
270430
597161
527557
309955
930687
75930
740382
546410
303060
538683
937568
594189
999668
333948
762264
673585
22182
679033
253273
85729
455237
85285
843574
280967
695757
254473
187541
574306
265741
882243
367334
885828
113701
773003
545638
971078
788180
231694
283280
944449
822384
594557
318542
204684
75763
523760
428539
836383
576867
460278
791080
311686
106005
178368
317780
977151
738226
519492
73662
307613
721376
710893
58355
81755
812906
878325
253903
339664
743388
552888
189286
93130
147562
952071
53141
689435
637283
469537
916203
310293
269722
928617
404402
376063
891123
719646
206491
974229
506338
984877
534148
270327
228763
603149
697486
313511
777239
796408
539734
255207
298235
283930
593183
414268
221433
609622
346046
92167
622551
221932
733035
385862
252779
340699
34967
272591
942563
210853
324248
152068
796290
409123
591391
821999
38954
958202
783710
439672
925555
85349
697828
79087
663298
505505
472929
287692
486283
951106
930015
565744
759923
408579
684914
162446
903757
62738
734351
230755
751442
595465
821879
936620
850704
581510
906150
965219
316139
372964
959521
724610
297106
612652
915246
150410
66057
819215
59831
237103
980468
567792
801488
804108
23031
299387
489024
155368
418945
419026
806716
382592
535910
285301
856550
25293
608179
193179
758486
669258
572990
378369
740577
181898
766417
974427
21481
540462
82966
542674
182938
491209
21036
131099
957740
18992
243935
108186
730968
935521
446466
348837
353196
252366
459173
597980
350525
896799
690026
75899
657991
281837
795559
985775
769573
725455
371986
456618
802237
758826
342116
319300
230060
777034
169605
900974
947522
602476
24326
775073
657598
835839
663775
45846
781589
953901
157377
831034
290454
274276
729795
256154
553655
8311
183697
822168
207956
258
742411
124406
853302
670407
980145
424957
748538
961684
152075
196412
924445
110572
267011
111954
402760
234146
824294
968006
803498
323926
524263
673998
367544
497275
786072
986458
466235
202057
590344
163397
44603
684279
214017
499250
909730
108467
518494
439645
920034
264713
438599
452724
947884
852015
182774
227520
511833
674765
429075
43675
430507
498490
782180
44525
89730
996209
994750
331383
452149
882397
880360
424098
216480
489022
559193
457707
357012
86049
955596
324626
525645
990926
340000
791396
821123
912844
884258
288896
958364
85780
14588
500286
237131
216450
423511
649179
769634
890573
814087
741632
408720
372734
236140
210157
257815
364945
907974
63502
302082
321752
125590
258099
758270
434859
30885
319166
825552
372749
332133
604087
785152
241262
88834
896880
851311
202058
338560
584845
368294
649345
852236
255292
958401
407730
480672
12853
645960
812515
873240
947780
219076
337456
678916
338098
600063
589577
566196
150275
605019
460157
642559
154176
433102
821418
826844
929972
291100
336251
961705
124713
544562
328259
128812
529469
505309
642762
477126
275336
537314
357282
51554
797003
420397
770724
556560
365797
552387
932648
342327
104127
403075
238789
970824
452233
408022
635232
172612
110185
46840
401144
451404
291310
440016
552907
485873
660923
792103
933998
44852
92279
91550
163979
652385
631526
869032
542921
215308
40038
950156
234030
505035
683457
858943
791898
80651
88096
61760
514464
834380
141257
522992
39684
984635
713285
653401
690731
96799
506296
94639
756132
591075
55609
377475
185539
507707
285664
606468
981889
210822
110503
583081
657499
730681
157476
160148
667787
586768
371053
359696
725636
893977
681111
334984
827343
220908
911022
425431
302418
479775
66694
681068
191936
223343
655531
698219
238945
638772
836499
319193
89634
195532
38036
362060
741763
562456
934942
473088
576414
77440
277210
931713
646231
297133
368068
702731
371215
303266
300542
589086
211568
236393
85265
699315
164930
792381
189155
590949
708722
789877
462139
189326
312471
491498
911635
873961
90957
872706
20438
826684
708509
530123
506411
335861
617136
898299
540276
624418
73728
682541
807092
726333
588768
49629
846169
121750
748104
476319
632389
145907
287429
51423
107293
190096
292709
270216
444380
28916
485292
185558
404579
312583
896051
246027
969673
391598
355054
514164
650640
877572
318383
953617
733507
687439
907595
673758
649870
246502
600456
741538
731477
573019
912457
691086
590518
266674
355249
144447
152716
934643
809413
513281
476658
689864
196942
25802
812720
150700
900469
659286
795030
376611
283154
132024
909151
144386
23811
71185
964062
814677
16705
520873
913715
257659
956162
579424
622637
435902
9082
14573
824606
942963
331865
166157
820418
891687
536431
837984
822132
947084
69447
402654
378377
454512
333190
336205
193600
457993
823769
283265
664434
421186
162693
502321
11558
500831
258661
941106
240132
698898
528934
758885
446998
732188
68989
305075
666396
227112
545664
279819
659155
742537
251981
754232
637053
241097
181307
336699
105352
659798
597619
76287
895281
443366
63984
290271
812777
378949
909220
461610
147279
179817
361114
701040
378462
525028
6680
689230
830721
230253
619725
841850
40426
137962
941694
676569
319137
18196
543893
24218
278428
859090
642186
278627
458103
81702
243535
218088
960059
694016
992289
615096
77309
563591
667682
273343
995546
704145
945816
391305
614730
267462
371797
966086
83798
130247
170012
848959
887449
367087
782155
312539
775472
983177
68097
147068
378520
337600
437507
925532
259809
665083
305329
818576
202440
669821
820566
358075
739964
839636
495045
419949
583252
651763
826998
535514
630602
941084
633480
396422
366982
624549
920786
486523
871541
746578
20886
181606
903551
57871
306500
395567
905477
540261
721110
78187
393417
140326
768013
969278
346575
560742
639809
438066
937277
329579
411383
797854
850977
152916
348302
86795
985235
413431
307094
856279
442813
91473
922279
806261
622970
690525
222644
324389
856655
948674
895416
913948
96562
40634
398202
530873
273636
53481
861138
330556
772407
679607
752595
463358
923145
307545
664797
264386
33636
681293
746309
539476
347226
516665
70142
397938
950482
725732
215318
435667
71659
291727
12406
122851
787188
135393
527375
482057
142276
556794
939413
122408
13720
323511
472200
229293
690910
843353
274938
226768
802783
701476
485992
489490
652196
926435
19075
896028
5049
557567
877448
330737
332237
182137
20769
753018
120612
63892
513260
460954
731229
615610
511559
891532
896542
251459
672460
856278
708047
563787
487308
270217
734605
585175
325894
98044
551546
718025
8476
813684
494654
683348
115217
774770
573498
585481
323227
711564
121540
141142
472885
169120
150876
726174
45133
953945
275413
664312
845888
414026
735433
728430
691428
816125
630125
219085
978420
627364
965363
437770
26157
813549
396879
398824
495552
946845
820828
367784
952672
973573
123777
919054
618774
592582
537766
637124
594652
251663
675663
899373
703711
241614
447790
600246
69869
962993
294551
33219
47388
949601
836611
241795
373549
891162
632938
574439
685630
406031
200959
795585
338123
780344
990887
32604
711336
102004
53746
47907
166853
280566
191946
610041
529432
589190
160166
275653
189631
305018
90611
301715
813363
893348
146928
173297
665364
163910
765993
708265
538523
865720
840446
966113
754885
541312
456729
857450
686626
726815
508476
825138
734115
371022
443118
348848
233840
141873
116049
729079
910417
597470
990633
351414
257825
497425
190302
455207
295674
43777
810280
658644
324926
900368
248374
696635
106417
52992
561611
858821
659914
63350
155676
69558
576471
341515
443285
291598
481267
107868
730619
111198
999587
624204
945128
74478
76077
244135
162124
604222
819645
344424
678488
177829
693136
121604
284927
779642
681283
310774
551585
512660
237629
60742
934531
321531
664561
191832
133065
898033
1011
403100
599010
863768
929452
135104
173871
445760
773052
781560
309581
499332
377867
848861
666163
736340
816943
636554
729718
821898
16678
907608
864486
923138
801270
199513
92844
434301
160655
330532
530998
178487
871907
390661
508200
785812
651698
83898
205002
533768
484424
272941
9178
916507
64339
203554
78773
680499
170970
968781
491075
544024
20003
986742
569242
772230
451545
877531
159886
944855
662920
843730
816798
255455
119215
545648
175654
521689
149941
114655
813296
324413
478969
610772
107287
409382
787980
304
783276
649108
440757
463537
826916
284924
437146
874193
423767
202794
748152
249305
538722
562769
853033
348527
615631
52300
905354
153486
919613
883083
56021
918537
246785
955696
344693
937155
657641
344040
680625
347627
506137
972779
180645
757651
728780
69369
571480
692506
891638
548382
204879
842006
135276
290386
989809
401385
330130
941530
985257
862688
467593
131287
353104
415187
897831
473741
604763
520272
179050
34587
49268
218398
215478
358173
308966
503037
887929
506481
969997
314583
825828
17530
232508
566741
534895
764886
351132
508278
28781
68753
227015
676346
567519
44346
416367
86230
286682
210775
593747
360848
193463
274619
572986
340232
999345
565065
837970
435201
857902
917544
610306
92994
785268
307253
753464
41851
966326
60554
584270
609011
319199
376536
447420
660538
243422
502715
99636
528850
525631
26213
586360
856559
986729
491145
46293
517754
851843
339258
241437
767029
467051
955171
641303
102736
607335
169305
505321
452217
677210
370823
495642
200762
538245
796178
307758
866997
96949
425905
783998
697017
779275
32358
706701
642539
403740
512986
229813
688409
548345
192776
300869
888357
186603
206273
872444
958244
829508
528493
588111
313141
191675
847992
873838
278153
668332
543252
899656
633400
777121
186063
481321
434798
916051
975149
552641
880787
515829
543917
86676
213489
822266
605827
316526
326230
555695
314235
838496
753950
849850
573890
8848
449636
951472
332299
419767
804434
305391
451459
136027
466505
779815
284959
941270
526935
373977
780939
16598
420598
37836
8776
823762
282947
490303
860105
954822
694047
783230
501057
890899
620396
930137
162412
945658
369364
725971
449144
342120
145830
265240
569346
185665
669829
620357
677154
63175
325958
234913
698951
561486
740741
147624
428353
241593
216242
351155
492465
650879
922894
365154
455559
819178
347214
841669
924730
67234
558777
306257
500389
360746
156756
203552
290961
851474
246439
616913
731816
665074
55854
864411
384039
391071
797348
131437
974584
4467
127418
162542
384159
411574
136594
206596
960279
699811
824425
990125
577406
414482
345694
971437
41046
318264
587486
973393
345390
445526
818714
583341
642088
622403
98710
166643
536764
700780
430619
251055
35637
551385
437295
911622
583191
770056
197057
514186
102127
567372
73696
286068
189155
127346
646438
470881
74939
552000
533695
179514
849117
445632
52329
863149
279528
977974
258617
400514
4968
39291
668438
839146
907823
681655
579133
456270
343280
129049
119084
257420
985739
250165
692562
483741
929196
863928
950406
427883
40079
155308
813909
98859
788988
700567
471594
669831
692206
690993
823665
827386
921371
213995
251882
176663
544162
312105
146055
803542
638411
69070
845433
271149
831959
679976
373598
513450
825161
527876
208578
75325
521391
771215
455876
666253
651837
941962
965228
771512
524225
687820
328862
466734
409041
490981
643839
9126
744631
783921
759296
980716
220601
461366
255825
10198
149537
120913
40199
97887
996642
846545
696693
131961
830092
884953
43375
790964
479617
32850
249772
267248
323723
659888
321966
795449
796055
78804
621209
627291
547736
985449
772604
284346
155689
605614
43774
189765
155848
831048
532625
288766
125665
15603
862017
29970
543493
359381
612931
442584
328965
494500
410215
247620
685846
991708
744948
451894
577560
494996
382537
832009
226531
398157
908534
287457
343826
903763
535237
184490
65887
709098
890430
765265
105894
69644
132473
193180
212915
404384
338672
323071
373094
981880
943183
898797
850699
655083
776256
614085
555049
984674
876497
849076
207834
379490
257805
751426
201746
460980
606541
487906
415564
700716
230631
765040
371993
60331
964347
174087
397401
547450
444964
100286
313589
411166
499260
86862
997644
476187
48664
619572
969541
385560
994553
551644
405887
226262
912066
496477
31555
828451
770073
993033
349859
933990
783487
331672
92340
741216
557731
663768
753826
940865
933544
39154
582303
66365
56329
239919
944231
929968
115573
975257
888857
326185
456565
439292
418703
491706
144971
291887
560798
943285
418916
842755
382698
87013
761467
25339
895948
121780
174430
133330
915900
175050
230521
575610
413547
6675
283035
893332
355714
93492
385437
788729
429618
463898
686056
165510
692056
995158
894896
863445
967799
462070
163510
960488
370646
944611
434180
453701
272673
186684
247536
944040
702159
488419
796606
375253
158500
694184
761241
429359
806332
105002
373595
715023
408075
144379
221301
425996
847498
697286
496963
488795
426606
147323
492761
304516
476712
326991
293706
290086
32347
902906
264460
786763
436239
548523
233678
592317
804044
894180
189496
391850
18605
34333
334956
30589
746976
107663
63018
81281
370259
506773
17607
499274
832673
462778
474481
274143
324205
385071
171448
675117
832493
484730
572081
560874
444388
510454
47836
528497
162851
879044
382850
804686
739703
832801
831301
565580
112864
221275
762728
197999
714808
574207
200660
898729
790128
742562
113985
141800
556428
2749
496551
395699
96123
929257
63225
80572
496728
433727
22634
616882
550149
719672
581288
57597
627244
888435
431936
381566
249491
635542
502965
200960
354714
969700
522156
531362
169720
789715
181768
126642
729054
950872
553033
976730
70502
8924
918589
563469
668602
411128
894028
331011
463215
19890
40607
173180
719009
462895
214273
89251
736323
484308
129529
765431
756587
258314
269650
853464
831550
153734
440057
343052
760091
736352
840714
677687
505823
967762
787918
297711
276078
555525
397097
559475
465162
837686
664479
708069
429375
957622
759051
641927
564430
721093
800672
326250
993222
644233
291389
500491
303917
24989
845566
832801
8375
675368
204989
480555
708793
798481
388487
910284
534581
351711
41280
791685
842794
700150
141416
695436
9871
1859
220807
877943
331701
805123
780890
1250
273013
463808
361676
487161
861961
457578
181550
606813
857923
663722
695980
241129
589061
165894
226064
160920
356172
659158
535426
590396
989839
752063
135443
176108
938574
222248
186864
717153
401986
919211
738170
915259
378684
978006
228983
140635
755188
695671
7322
943619
294270
445217
228314
849264
318620
972792
798640
325169
391074
653430
121231
439705
393798
853726
724918
628088
388632
890375
748569
803134
798070
455436
449963
329114
839264
110875
266606
54566
936043
889106
499719
656697
166816
581468
406775
851249
562247
139934
491553
57608
213497
503362
590693
809428
584192
214338
632988
102665
282782
924923
824881
352788
111237
815923
892015
961423
894956
349895
985005
146218
518569
11936
445896
551350
820329
461266
613534
528693
79419
70859
327019
30888
202375
445782
362284
595544
712148
728286
427834
721275
240797
96183
163668
190526
70201
539125
690204
380025
652820
463625
533949
36995
667805
325484
862721
428521
374488
310999
646689
578266
880431
289401
212468
171117
121235
63361
562164
822879
304047
420913
188850
62994
356152
709880
855884
171083
135645
149970
751298
166016
44086
405327
529310
454702
568065
619493
965123
7341
491633
605745
836247
163368
594016
59807
925034
199644
400778
746234
636477
309287
799056
541272
155517
327326
990444
306966
940650
835785
213042
653151
499034
675575
388578
448492
749690
168391
181319
662110
216089
586579
107385
629471
308699
376684
764709
668469
791891
555931
125965
830462
947013
690065
549118
134775
979084
845632
81636
288704
42338
177405
269531
752322
263152
182543
874045
566662
697718
359542
509132
654195
700128
429671
669368
871255
705659
731617
52977
575857
89206
237677
90900
132471
688278
796220
659754
222483
288776
477241
235987
723447
108553
714515
19272
875120
196399
365207
485784
929928
470478
409196
164760
618236
600786
354413
951322
506534
145658
603164
864900
172599
454212
361388
891688
637698
983285
697899
347274
506160
704630
408333
328959
728696
622183
701079
425742
726391
647710
418449
768105
712920
917578
986298
809749
314024
531511
868016
700518
559871
285455
176253
368811
336492
942221
612848
583092
911566
842209
632107
77855
314110
661948
632042
181796
416220
571163
535638
927719
135971
739171
96073
456124
819074
22092
473089
702836
192875
747676
28685
156682
371398
472135
604714
484354
666702
999683
115859
727949
105726
117812
334722
991530
1780
482852
967734
670220
232055
313153
112373
230188
54880
131199
548837
208833
340653
638715
420595
241428
610054
70857
519943
324225
802540
725578
217532
255602
937286
349233
447102
183811
981584
203476
360488
55758
983342
62992
458405
467777
327338
354511
345649
50216
335826
755904
239237
570536
81720
475338
533610
586826
66896
938532
304579
226482
178157
371520
634650
800701
109517
250984
696406
862350
166414
131812
782071
12757
49427
173763
452928
184993
838698
202514
2813
363450
643233
845380
888332
819626
710260
538741
161012
181423
182326
432687
660946
194522
167280
579283
157088
996574
325839
64363
893095
58204
438052
684325
347954
538938
564544
829178
91438
134421
687209
526110
430218
882039
485800
294570
35147
674531
257194
867482
545184
885237
216493
594606
296710
472336
393803
749286
935401
753259
529156
66446
396285
841187
394706
717086
888943
183554
960765
676250
241678
816778
607689
636435
907155
958499
252286
127073
34415
425336
893387
457668
105648
202990
887658
122520
580131
354935
469495
961897
33926
634788
627761
719848
686464
204261
818456
85568
394010
9034
336509
834773
441702
761820
838040
901873
88508
997685
717549
305698
554267
365742
527681
437828
746856
872154
361315
506752
171952
436555
280769
105670
77965
265555
937436
524096
469116
534650
503
914994
325821
905449
977875
82874
665273
642539
179547
203511
721510
773391
104260
371854
431296
673252
352975
993370
980195
825934
892678
450424
901464
504464
486415
299436
190975
200533
805670
639592
28550
440720
800470
566874
495628
594002
799341
988607
786457
312732
600815
930802
178565
974678
536835
569093
371301
343735
674692
316352
351409
851863
735955
368137
72041
464651
822677
507161
867903
799321
152097
266504
122580
895914
736214
896027
230702
22810
236304
636248
370698
943406
706289
973924
872719
333978
189880
269406
564097
426242
708809
483859
646395
352523
266908
350765
708076
100770
606211
824909
881614
487517
810937
272100
460851
922250
607367
306807
800676
2084
23601
176541
620766
721936
828294
202594
656256
590344
932831
122854
523690
258899
443813
405234
595553
167497
921587
109963
42477
734386
802563
752935
802999
558606
674348
532739
82832
328236
937339
354080
17509
812289
729161
587772
334149
684178
755094
92412
593053
152832
102362
231938
36835
387953
569488
532272
88132
386056
157130
505499
520039
347991
266029
650115
507693
120031
408231
368811
740658
857224
221075
549889
462845
721345
807451
343819
568979
827156
902700
264101
590629
792358
498417
938123
629158
301495
902791
47950
131665
33730
467199
926068
551176
407834
593745
807981
535835
85041
928005
400309
948940
465466
30543
89444
608672
552505
11313
8227
279085
396574
972752
981879
183192
620124
424201
44704
778710
704346
617750
439840
792655
135157
646212
334029
124977
243292
640299
535911
639765
885125
143255
536470
724347
114244
802490
353991
715347
809965
863586
972100
612825
50853
894272
150892
458651
738596
366202
729600
787918
850117
759201
297868
142771
933185
694254
819586
190218
390411
629560
712494
625084
827328
50495
693645
138675
638045
66058
621444
995243
437647
630205
627268
755382
678922
657883
497383
253829
407772
830380
310231
878022
972539
414657
260468
395661
971191
639746
260961
976216
729618
356130
675537
298858
438297
966319
880855
604892
355180
835124
709307
607527
911092
371251
738215
75867
149108
637895
476430
62612
98342
167987
643638
127112
238604
764603
78725
296470
656201
332315
271052
841894
341958
442129
443339
261188
895615
886921
417490
764582
598807
186070
1731
35816
538950
393767
508410
932095
383099
971212
656983
317498
566773
42261
629070
380079
654792
374660
35703
586907
858737
685725
129706
479439
989327
559914
282045
909999
800412
884474
454146
478280
311560
109120
534364
530841
59520
640689
729438
511584
694313
478947
501555
628423
135871
579331
619300
702938
59571
75198
172773
224464
731081
318393
171800
580514
926132
603294
269296
529183
943383
319829
329569
694987
349736
459461
33877
383353
947482
856852
459363
148438
587230
940456
571194
252689
946679
478161
702237
34329
838040
782319
740873
276431
25959
818458
461348
48524
54355
904144
787986
589582
964667
538162
80692
839331
106015
101635
384183
81187
870678
768799
708044
794739
719600
811412
598136
604615
126334
547098
941151
530298
180318
122166
216829
52819
333329
914265
170489
468604
649436
719250
715352
727021
79637
708238
492296
391682
326159
718296
4480
836276
92645
547451
377741
653906
170354
933611
753305
729866
376913
195670
81271
658266
291056
455754
929059
131151
537663
120417
241675
628099
97786
430185
96247
541219
949153
888564
914695
381987
573898
394148
394246
533538
834133
703619
29864
312348
124575
915462
111772
558254
412363
75815
44648
771256
12282
106605
632382
282265
77093
211919
105976
787285
974443
631568
733906
642645
908354
399895
135979
672201
207461
462088
61636
109874
810208
555399
237694
27168
420622
669360
47394
951558
350233
349271
112913
211376
868931
466906
757885
359624
191952
65951
569674
466709
359150
689662
266096
62109
659051
391329
311379
873066
451178
13296
351560
625159
131843
378508
998749
322732
729844
431205
386574
941908
635566
932558
238232
381475
952951
94865
871731
610896
810072
924571
777058
757756
892539
516036
299032
359620
859086
900591
906669
408383
609338
217751
426113
890267
348693
356652
112933
65040
835623
291253
612338
946256
448530
205194
653662
451989
356261
202555
83779
135833
609719
397626
258454
171972
515941
350494
816017
796900
326372
189620
191566
100314
866031
362507
432157
918202
882884
329595
597356
38904
963270
689404
753604
17759
661609
11565
119157
124032
289378
125981
526433
156053
25947
211413
237046
653165
170041
876610
690426
853186
547948
337448
807276
458232
876356
326382
113049
377996
713044
378924
749944
805597
773206
206895
749683
153576
815433
460025
644747
403226
538801
13527
261995
783039
672975
383539
703884
238582
554370
935238
172657
786548
279862
431175
214349
86644
491249
297342
140531
610774
699356
887708
330530
819839
196019
532232
153601
525253
756373
382984
162553
153647
351075
462966
867419
731511
256706
204290
495311
852492
114234
963460
318783
482006
266182
193246
360382
55686
290472
302372
680741
121271
12690
555633
102101
643083
669158
601446
70424
289506
947628
850583
68587
206540
260644
311631
428503
653625
391416
372778
496727
734388
461016
370316
287983
3572
192510
312822
894263
530691
192876
218897
48701
265348
306059
813813
611827
440583
348590
929948
279194
462875
218916
471502
275587
482854
81428
772391
8549
724561
74856
764008
851604
547481
807003
619751
99860
218932
603946
107131
720383
227869
33055
952733
928914
465577
312399
839512
554037
470670
738805
264795
585322
782403
250234
421208
349638
773589
188010
572757
397924
636976
760937
752808
400350
793366
183573
332905
973125
678529
388045
508858
910702
506844
246416
818023
389316
926432
158597
723130
551830
269733
14516
853952
199336
945434
849736
796571
348050
741163
692313
587565
671934
757350
351276
878611
574313
37390
4022
597376
124099
442521
748490
502389
564780
991174
951926
388618
658991
370511
287328
214305
702520
360978
742043
518355
143022
886053
247499
213687
571264
454776
701723
316776
871643
349033
248296
830845
848022
175322
170533
898898
118792
376648
925161
620618
17777
728119
448386
362571
88606
834100
85060
870912
751110
13970
217317
338328
844471
758499
690890
360982
183663
121999
566334
44996
69452
559292
873682
481075
217866
302711
10303
228583
937926
108372
375542
27473
200009
769379
847465
391603
255011
214850
783780
983804
167548
446914
602929
267857
621940
442803
15191
582800
62432
34928
904394
837610
2751
54681
581744
509984
750285
717882
532274
665269
692384
261361
135745
516679
79499
316668
599320
60043
609833
810466
815008
814490
796742
943209
285627
327216
163872
785973
944373
446139
356546
900474
223422
714628
536216
302384
727014
335637
478747
852619
531272
300980
683191
943131
694740
720621
161078
318997
228843
672493
647952
912509
435599
409445
64704
925683
320041
465934
470414
842924
253592
753332
976763
755814
750718
778676
422786
555287
89911
186719
724679
725179
869691
279216
839465
638933
222066
457403
164510
493688
601320
16108
220086
102806
219377
121669
97432
406040
548559
622788
237562
574904
909835
266229
990659
736231
572660
108479
765181
890618
633770
813622
564386
441978
987803
654707
50634
131025
700837
672315
859515
983080
341441
792221
632579
811151
569241
104247
849768
317639
937867
639713
498651
400553
323738
924197
201612
281757
440625
448568
772724
128366
353187
439810
672516
187569
353599
106409
372263
948261
609753
966750
945072
22692
837292
859715
886881
901291
230547
112746
827661
64929
491599
681968
370872
876836
691774
715886
923516
484540
770685
740288
94831
99425
556922
769226
969499
884138
554996
606468
567729
897669
682783
701699
998280
466524
163339
256218
682576
63455
508104
622084
423027
631824
95255
408574
879282
163363
761896
619639
300274
160681
348779
958387
300502
266700
517708
45845
445585
752025
718735
977360
322378
538942
589842
563346
213034
421854
444647
160884
293823
599615
290570
289614
949017
317977
844669
269651
166631
662980
712413
77716
804645
352110
862012
767034
144810
61149
605097
892865
720297
461627
624248
649302
85309
244987
708214
60000
627921
250567
260679
405644
737262
625202
214843
539454
402854
903625
992680
295599
408624
358587
875971
487332
24112
623211
744939
353960
755022
29166
58036
842499
364516
212369
637214
569246
543161
824041
451972
216852
62127
690329
736905
64495
260104
486876
471192
668001
615334
208027
267096
650876
190719
739738
300927
111776
708297
133449
622651
827809
435609
772783
862850
54514
592370
968525
613504
416709
274921
804799
295647
825553
267427
86391
715373
430736
685646
320651
112964
62111
398185
238071
706022
996168
232094
885892
884769
954095
359967
75835
880925
672472
35714
289943
467905
965190
616222
171375
469874
81691
267990
379093
687558
843629
766558
267455
152521
289671
671637
610747
646846
709147
182648
546133
498778
792997
213179
269688
401597
16777
402997
463003
263544
396947
517390
343861
596960
467987
531131
53728
168013
741697
656311
258461
803530
60909
880785
404013
547729
872202
894151
927885
348402
214718
413700
542
250901
927258
821779
601682
519321
224031
159186
958629
143741
816983
450028
720553
806680
587911
302234
179261
494265
327239
807934
557773
120838
663967
643879
433772
395682
176422
719179
400634
916180
994955
789126
130851
67000
777987
945364
514290
266321
562180
494408
696507
20364
291004
266091
599336
143643
31601
79389
390901
686936
878756
865371
359904
816911
574461
85324
37183
962259
297769
472531
124664
178163
275751
815514
578669
379716
209597
348966
134404
344198
507998
787344
643342
346804
668792
142403
911767
978109
538883
408146
801103
645526
782421
649739
541413
669516
908443
775821
981867
200116
93584
507655
509984
299118
766953
500709
402055
142182
624358
567552
160181
752299
528830
170562
358482
547262
446200
275003
16569
743587
448746
725093
40720
311455
443779
460498
915332
953744
920779
552247
990894
225400
570367
702200
761916
789163
927118
734687
664385
72335
929860
581900
700463
547400
488164
897881
813572
323005
514922
299327
979458
253528
155511
742381
531068
788474
128846
261972
903321
291524
992337
607529
239576
682116
105690
567514
830063
591917
340255
896199
910718
389573
590756
945988
293297
54984
489813
668989
667417
606534
79424
205704
212846
185389
994183
466567
30045
221001
927650
342491
843388
362904
666037
682633
59843
357927
459700
732263
677330
280802
65850
353917
59276
314461
540919
827711
451984
561270
267868
456572
789458
798308
256472
411436
190470
64020
282044
813539
842285
141287
122914
104004
722526
290703
200598
889574
649676
755933
986222
944283
945031
976458
761851
937330
179262
764469
204979
334480
269387
435581
700551
622017
479436
83337
311557
199953
137088
991571
17427
265932
373369
688514
182599
453632
21338
812143
756033
820121
920543
864829
25438
121100
333414
204780
750917
477450
724929
503333
619986
976346
80181
945671
80100
253009
247262
765040
276605
702402
940283
853375
561957
143258
965127
362248
357851
766647
858088
60118
632659
577455
252414
289351
966793
344678
71595
692203
804190
936307
810020
322172
386672
779358
927585
250181
116839
602607
260926
478676
666668
338455
608650
752064
913313
373769
780282
737574
541873
245842
488151
44614
367599
851528
862322
201584
1879
563337
826665
103362
296320
793530
6665
731251
303395
962788
146965
595062
238196
45283
588613
162981
843072
677121
64525
810738
934222
316484
438109
871276
389518
763740
608320
987099
512801
588946
435628
925891
993012
61394
57455
512277
316607
864710
160241
942577
129584
751360
431199
881736
937240
279508
889233
243373
546621
148934
698144
650885
391443
863879
713424
929872
676826
727878
520602
849588
742412
992970
815136
877594
671481
381988
300000
805753
851282
57952
57131
769600
304119
693977
588758
608244
679927
737768
295015
814161
509356
561449
381091
718175
752407
232074
697943
751045
612208
707618
908637
614357
955417
655671
670137
863789
25105
920422
994164
951611
290142
325119
358082
682796
884321
365273
459484
152779
52772
175872
822795
590589
548523
409081
835829
748098
909599
724373
934966
165891
53575
908871
618127
163591
720998
27817
983435
257528
9773
359258
19102
560797
482476
192007
766497
162557
161660
182280
579234
826642
833998
816581
787063
797980
787682
599287
316476
748311
235543
825855
940573
739438
34483
714607
596024
195438
364928
81322
60509
16396
639358
93383
875713
8835
316919
85665
288526
407598
232855
540580
850029
521933
9050
977399
200384
228735
676308
191368
762624
934382
114324
740346
349341
653127
162344
326533
735679
56866
584810
907533
10235
406208
530583
29104
862221
589858
788835
902938
526568
557536
656182
817992
607845
888115
82013
719760
224490
559792
601480
397515
831039
964727
909632
447460
541619
120338
250023
671944
919992
495749
630895
862119
535690
262412
102808
785569
116390
258778
461935
284857
278911
799787
608252
240877
695155
100271
955554
91150
708798
80408
547524
893534
438446
825627
644058
534761
58476
959301
565818
445060
198584
625426
525314
356276
254483
650474
424003
25146
275028
32655
85212
422265
881038
303154
128093
184522
162192
391404
762683
301400
880858
217499
363971
332049
80073
347284
952323
800209
513514
963855
98214
711490
593643
621814
383499
583839
893183
616073
274324
91716
494071
273227
802392
846648
306046
755738
159244
262528
329743
241678
442378
135311
270340
218263
53425
29535
252742
410530
795923
210164
450143
139117
264318
20236
566372
786301
182830
443075
185379
567483
75830
741343
586950
811461
506803
843537
558871
138558
63394
389851
307704
962681
758548
380040
822440
65126
891038
149268
996934
833102
745079
484984
140559
390630
372494
717992
467001
116366
552670
837719
319054
29276
890317
658100
293034
271602
723733
222191
717771
925185
952987
810813
971047
861212
655350
342443
648812
224202
266035
669234
781756
465346
638454
893617
287759
528144
509071
161987
389396
246919
391840
705102
547370
498666
581868
37842
159320
633846
829656
302138
408590
422477
731688
234894
524214
625943
784384
871385
276687
284357
265682
356410
748993
663307
999324
916706
517990
555314
420376
363347
744028
32980
204712
983348
441041
142965
408646
423584
528455
317854
253319
58604
459939
700760
816466
915077
77500
571886
889999
483701
140125
143324
209089
157726
301396
117645
178428
275767
439060
130712
373514
429089
862091
859647
551909
730077
821039
599211
17672
610370
547291
644132
899766
234812
3837
352794
406162
51035
94051
539458
7664
170269
330098
63013
972969
903449
759450
477920
618102
613248
769535
485067
920611
718929
808482
366431
718232
588661
801763
493437
324823
708135
470127
607923
842723
574519
446859
458704
239111
135830
963228
543323
925761
436576
663459
195537
147614
166945
596418
564438
403850
877380
177101
624790
182009
169071
471727
570122
906177
77812
362786
410382
74930
875990
244988
990497
173865
619983
906492
640305
473311
377940
704972
566724
476262
806851
244255
523987
135693
126531
255036
59579
103628
797688
936966
581823
464587
942060
286885
224530
854048
412320
203309
574965
526150
137876
524600
435611
302269
629356
765361
827608
646373
732601
552789
322919
86750
668069
518117
512566
87335
117815
950890
17043
73901
797459
271135
938431
87919
454343
489781
987389
332241
301411
962486
68539
639289
137972
179211
568825
280374
940577
270594
269351
794997
765296
642936
879109
573786
137273
382141
169735
328417
854541
916459
907855
51594
556641
465457
225708
548413
40682
396992
172297
457840
556987
101049
665317
425266
962242
725959
50985
153472
395883
850483
21498
609270
514344
317581
228567
845697
549679
908264
344260
175074
851831
366842
670500
735740
195688
136570
964584
721603
470906
617606
877988
287055
976186
271759
255824
57130
428852
285362
386080
740478
108155
997889
470630
782119
827510
990668
350280
101449
272112
697254
854411
965146
242992
617017
822285
267750
80519
979814
2356
747895
456153
706989
256492
479738
628361
584283
68777
257780
497123
612169
581532
51755
934717
752306
758885
960864
92151
90398
367230
2302
61854
969657
379056
540325
654152
311763
825231
819881
663609
111848
678528
559454
989343
393933
692199
786858
340311
497944
552825
207079
443580
955556
275766
264605
181554
722271
805775
504364
355654
710104
786345
690089
360128
379503
398074
702097
42278
121354
55333
122722
656741
828680
472303
438271
127815
726934
571577
947020
305541
775710
366742
699137
145302
329632
98632
979455
804151
249122
675191
581548
336526
81473
113790
556195
351617
506011
95241
973709
149876
175864
126584
85570
525792
63045
153369
140216
939496
706836
884795
904359
295305
428904
837118
745810
128952
463684
287038
495226
920013
25364
441026
221764
52280
811880
212308
348506
377977
662340
525077
786636
127162
54437
642068
855375
635606
50929
76258
278079
96626
169979
513378
465417
477296
284196
928274
52673
566401
610023
90699
432271
250859
362527
506868
820492
618197
777377
580562
160235
126447
243976
263089
263684
303683
949631
997244
897560
679660
811855
115326
225324
840715
124175
597118
343684
961510
573064
69161
4814
62010
453544
459732
525423
452420
51888
240373
716623
44057
550773
384062
498254
494980
103954
95717
727488
80528
318217
115570
705309
936901
615515
464194
161125
198971
843341
512208
656001
267682
820698
518751
442798
947603
319044
622823
353563
584381
758827
468817
882878
622964
864975
106655
858899
695646
425736
423446
139305
617633
562180
425677
217679
140634
905081
939696
684993
609559
84792
820548
249478
480882
598918
538605
269662
469831
93356
377345
931692
397700
766031
60763
574381
160153
865585
210356
178590
569014
524470
871140
94457
358576
724959
281546
455137
663274
937060
688259
39175
67209
864447
624684
250205
553561
797788
123869
245656
388081
667811
167343
585422
140566
785632
234663
598952
887903
61914
456251
484703
598585
65318
774307
397442
988397
541252
335439
925621
201786
17530
214047
263461
505853
250091
137416
139901
900476
466374
564030
228642
490242
520156
349867
188085
39365
279277
264406
755579
515410
824318
993970
368582
451307
950810
751944
992758
845426
967071
513849
323662
993026
927991
388496
930706
535601
667075
259682
617414
354788
168954
502093
16911
783045
701945
732698
994186
849981
937915
625536
765319
461102
590038
382912
122728
465666
983961
481262
32163
971544
936683
510723
462414
536255
538044
337130
829819
162428
357154
101459
884825
713977
758771
22963
397938
890907
969425
185218
552709
15423
899577
516763
551309
939560
729618
723064
579160
463282
449035
628722
142182
556622
48802
779888
95473
484304
481997
512066
280903
543418
535483
935446
645790
976946
435320
571981
186459
274435
924745
363146
426929
403659
120839
886483
174310
438970
514430
846249
783549
643679
858467
520178
448719
321797
862634
804602
68219
208613
340724
428672
167587
68904
921043
240879
377927
692525
541542
521912
9860
33422
882180
942203
93612
521288
9660
516749
41682
251973
940714
640281
872253
556389
111742
403666
434010
573439
398213
49341
351098
481923
971022
66705
150830
541145
648904
687447
984261
652479
966536
126218
359377
272936
680574
184399
373095
115945
896442
405201
900617
54112
752300
220859
220841
828769
262374
15124
942129
214585
595894
466899
712097
837489
701215
211733
618019
581135
124557
35315
123228
104698
778503
51411
44902
71399
423298
207899
517486
255713
952852
944256
489722
679845
205567
614252
531970
257840
20168
530907
337010
60023
719519
49696
986998
237946
687775
19670
205701
891492
261600
766766
861455
804842
57706
388727
866129
562867
881927
176643
684933
76992
569422
34167
123481
7573
349972
165066
190076
296312
374665
701646
386179
761756
348741
180582
843999
380127
96897
335851
650106
761380
191340
989393
636033
658649
540074
40646
826190
894642
393600
221155
873253
288495
922343
585496
115937
797591
294462
105096
891195
803478
116431
105957
433924
974376
387443
254232
887711
136876
79368
529090
450533
708288
376334
210800
444366
510279
547366
201462
678526
829081
32175
647975
383465
178592
637048
101104
716465
566664
989422
917390
106353
677823
592599
388766
633618
663594
934989
356012
274788
252507
836416
594225
490047
80441
332309
826999
944656
856954
763927
918419
584132
109968
211465
847589
374688
279306
378369
729189
594548
673316
633310
986531
271344
545333
465743
714142
745207
344857
385801
921656
550267
355661
172427
123385
507040
580917
233711
875240
824222
940833
240880
119558
477813
552680
528359
697560
39015
501190
430962
628022
268443
705916
780444
274303
698628
98121
999742
536265
116225
72118
395376
141455
922553
968625
892230
500878
254575
925448
302493
889198
235998
963793
668940
540707
652454
849551
470470
234949
545290
800494
962461
60544
167736
887933
523503
536768
588641
318280
170060
652163
685678
930355
985611
309236
385996
358259
952470
386191
461303
547990
463234
641432
799900
97459
255571
625081
259423
737184
411091
188158
97273
199118
564010
401132
394917
391820
193451
124300
826412
55722
176691
616591
115639
695148
522252
40780
416630
241484
734746
310153
968576
283658
141825
780067
527093
308
196073
920264
317907
601049
788467
224907
170219
960413
486751
575268
675840
879119
988214
90966
128485
12604
569760
717865
282498
716633
461107
259200
352043
339474
279393
863367
63285
271614
876788
894052
547000
386476
886801
520430
59719
724599
70107
471165
437823
605111
221096
173351
158295
147714
285468
534620
222894
375469
11230
258360
301728
357752
421305
66886
799460
491015
63639
945218
233883
554229
301393
321352
462353
28698
81207
827418
742950
45137
704428
460279
691296
864382
718250
235333
254405
160734
39299
719009
794489
40547
434456
637883
463930
28664
531353
670171
762291
188277
314230
32326
361404
474020
560288
852587
664991
502765
218430
625485
47107
901445
797627
566227
549225
627518
185701
383341
838513
637542
122926
381752
730173
992096
950876
651906
959369
631717
88384
111928
167699
637188
656954
350696
654105
259678
304198
873528
286084
203392
218489
874060
629923
57758
681196
594945
121129
239418
327541
854465
265029
118880
587240
250929
216978
505079
695561
294276
767660
918379
662406
986006
704341
403979
695371
452681
95006
362661
431694
228033
987995
314274
131855
206484
145271
460288
716720
748310
118364
535494
384142
388227
49527
690775
222939
659983
925458
827074
432991
926525
548407
253764
517740
430771
546907
698872
130178
877474
111912
34549
49435
969906
850147
928076
871686
294111
203652
235384
38610
769135
226745
594097
996513
732675
77084
59648
365364
125981
137007
147768
509140
480583
149298
951726
240773
357913
358376
406240
975992
504877
513803
115843
315624
363105
235380
287252
422656
613560
17443
867920
826476
598745
45402
601389
676944
194582
57263
813512
939791
194549
521119
211731
477578
937745
697012
347141
735326
616321
355795
530518
77019
711033
703836
988431
246296
287710
93267
147785
224851
194151
219597
575226
452102
405049
14621
658621
15127
46767
509102
954948
177811
120923
462741
219920
682787
447098
569940
16524
271708
218025
899618
653262
261956
151799
818138
626306
948793
58286
609626
244700
855183
496508
555670
280719
295894
959725
721960
260521
504432
837827
651945
757822
170355
496143
426403
847435
778949
299903
538039
94679
689779
307553
95319
780891
316350
468176
215667
363477
900164
133795
123649
414274
475834
912838
276467
556081
813512
349208
910475
576542
856368
277442
6867
994054
54484
496856
366700
639371
397414
586478
169325
629571
682272
254094
529534
515272
933235
249282
422380
117636
852650
239210
972833
508765
805910
3704
388067
424632
86677
133661
732327
363227
906986
664271
947199
986397
605538
396334
477679
488480
689654
273248
831938
963855
331034
649719
627914
742807
343822
861728
346006
339820
764564
962247
367152
81105
18601
998561
747013
629093
466985
413067
289890
64447
381451
10065
703717
301485
962037
749535
601803
883646
921666
916277
934337
601816
751063
721345
846503
987957
656621
225190
458976
507055
709521
119718
429378
764872
174004
896824
920428
878726
602479
298817
218796
359295
635187
254376
495865
395181
972262
267290
132589
663211
799576
782417
785460
881461
574446
809061
831936
398789
763867
143991
539646
879874
721528
571016
811743
319745
445774
985765
702978
233360
811783
499914
210555
393595
969517
430821
585115
5666
995133
149262
97433
783335
532363
802170
970912
804991
418661
210875
427196
510746
571922
419216
834640
396564
818231
650408
670966
117596
855040
32313
120552
778493
570437
342596
504852
544674
225235
786636
63896
638789
575102
629911
182797
152322
279445
333906
233784
572327
825247
119851
243035
695322
872105
616501
90984
4486
871917
272258
149904
469000
98835
553330
613495
599350
955675
335315
738534
108112
414918
894357
70822
993968
252940
851864
441073
696801
881526
987199
818604
894881
223128
937626
578304
473696
84629
999203
916225
294218
627562
816481
243670
341764
836892
285664
482551
537886
238715
586756
256386
371019
546858
579740
633459
997958
446464
17702
274418
784578
548796
637564
923997
122183
425081
833467
120078
35200
912014
974536
339223
777493
171514
226467
604252
304526
177813
342791
880480
816078
932060
314970
815778
751582
585980
340875
695868
728816
336496
212331
250111
871859
899461
504212
957887
483196
487025
718320
863908
429720
645892
772797
791811
361682
838717
754607
432440
873737
496092
681501
199638
293975
569151
552458
114058
914583
781577
569111
958604
807885
737950
268821
276231
289736
820054
528070
664713
431775
320538
289611
283540
647364
587917
887299
564684
507864
895793
652646
902151
552938
921295
507655
211715
820788
383303
12393
397282
150467
999118
145259
791330
962624
551050
160610
977815
481252
308061
901486
809919
424422
143299
604533
398618
778734
51371
398938
427043
413543
299146
346798
710248
145510
43900
834526
781683
688242
401794
487408
110161
501074
547290
878731
980707
691810
691447
385384
884486
772012
202590
267239
401136
935537
112244
166426
567848
961726
949617
58591
20278
770901
671368
726092
912844
25011
142146
122079
318005
789217
732010
667970
228458
413435
998859
904002
526167
147001
149871
202930
729254
90428
388250
137932
871676
731820
860151
381315
389564
553361
895193
861561
953473
708473
129038
500097
921386
469577
306180
242417
240481
395568
819657
370826
724753
876002
458239
365513
162113
771713
491139
628702
636137
929306
778570
315478
772211
671576
734004
29104
207106
970611
898811
736283
91507
833524
744697
82459
253777
389315
260382
720081
408354
655578
846894
392632
434229
717076
370856
137663
503872
211423
870404
165922
75061
628556
901428
855073
501609
530487
871421
568078
376387
449951
372400
236532
283583
344930
959018
874704
336230
928542
824169
277300
854935
878293
784435
644618
528972
143283
864113
