9766
9315
4242
3946
4235
3409
5018
5902
3316
5016
7540
7801
5327
6473
4632
4620
7161
2241
5190
6684
3463
5615
6316
8467
7186
4487
7622
9718
1575
9624
5897
6751
1601
1380
6993
3694
1153
1631
3635
8373
9357
1797
1144
5656
6843
874
136
6456
3768
5471
8577
4527
9076
9407
6476
1190
2725
204
7235
9306
4252
4840
3520
9982
1503
9515
7701
8541
9535
8998
6718
5543
8327
5712
5643
1489
9798
9175
8284
609
8669
7005
8058
8610
9989
6459
2652
6840
8963
3950
5350
7179
5705
7155
8459
9688
4981
1420
1830
9993
5328
2045
5141
3376
1992
2924
3234
6148
7304
2133
5450
6102
3642
9418
1054
8487
9100
7113
7085
4421
9817
9105
3592
7658
5066
2940
1931
2700
707
3554
5021
6180
181
6369
9708
2562
48
4893
8288
353
4082
535
1532
7127
6001
2382
4095
4426
8197
8637
504
336
2857
4307
2653
4594
1387
1787
6036
1440
8354
3499
9075
90
2597
6342
2660
7390
4905
7667
6821
7983
3711
2978
5088
454
921
4471
6758
8302
6014
6521
2253
6394
683
9280
8035
9045
249
6172
5454
2971
772
470
8290
2897
7815
5798
7888
6171
1549
4136
257
2383
4059
6919
6051
992
858
843
7265
1156
6409
3197
431
1124
3478
9438
5332
4129
1114
4235
4123
5044
5615
4108
1953
5771
8088
627
6343
4453
9195
2809
6710
3880
9989
2307
67
1646
1403
7055
7547
5730
4830
1434
9212
2177
3921
2243
9262
5661
657
6723
7267
1230
4955
6847
5560
8053
2202
3865
6126
3386
5212
5660
6999
2439
2580
3298
8641
7142
3291
6211
2937
6268
6652
5442
5825
8210
702
3842
3260
1263
8103
934
600
5728
9989
4396
5030
4443
2135
307
8888
9352
8800
1873
2418
1328
3973
3788
8785
2622
6213
6940
4409
9842
3781
237
9112
7285
7365
331
6002
7863
6936
7991
7816
4855
3007
8313
1329
7065
4889
1381
904
1780
3930
6334
5116
8747
1384
303
2108
4552
7380
3495
6653
3050
5958
5234
8283
1797
6927
4037
7065
5930
5504
3503
5953
8173
1307
9520
3520
1085
6609
2021
9124
6518
1909
3794
6040
9461
6922
1392
27
3612
6334
2093
8835
6691
3731
4318
3912
4667
4072
2822
3849
9684
655
3816
6542
1712
9197
5886
3119
5236
8157
8779
1876
1343
7200
700
5368
4699
4228
820
8715
3137
6430
7696
2841
4667
9895
1471
8208
3893
6105
1216
2768
4205
1176
7744
5522
9839
2860
5217
409
3730
3204
1051
7143
3521
7838
3364
9399
1731
4797
388
2507
3118
2796
1755
5779
7010
7027
7413
4993
7606
3838
9432
9445
2637
8143
9281
9144
9953
7829
5952
3040
8820
2287
1312
8883
8458
1336
2069
5034
5163
2317
2144
1280
4161
3264
9741
1462
701
9714
2141
6445
2314
9192
5122
8484
8544
235
734
6801
4014
7794
4644
918
4994
2743
8401
149
9952
5283
3457
6846
5348
9067
5346
2395
871
8227
1890
4208
9227
178
6388
9399
5330
4000
7159
7643
9672
53
39
7373
5508
2160
7502
7710
6956
4195
6538
6098
72
9434
1552
6344
6440
7059
3747
964
8701
4274
9462
4700
9764
1293
3443
7505
5462
8750
4863
1586
4687
5864
4087
5974
6470
1518
8861
9889
4484
5738
7060
4155
1573
6418
5337
6188
5782
3304
1705
3576
5254
2993
9324
551
176
7958
9955
9372
6871
2877
1101
5393
5109
1876
516
982
7380
4742
6617
5224
7123
8547
2648
6929
5683
1309
4896
4478
9846
7255
9876
7378
7307
3209
7078
6897
3580
2984
2591
8641
9191
7144
4039
2337
4610
1976
8970
3395
5480
5852
1734
8556
5358
4019
6786
2909
2209
647
1670
4493
555
7527
2712
6508
5868
3754
5102
263
2843
1229
4097
3400
2142
1360
6575
3340
3195
7269
8020
2386
1193
6360
1473
9377
336
7241
4373
8999
1551
3378
7877
1319
2337
6743
5397
5866
9969
3956
7180
6191
8228
8999
7377
435
7985
9228
3282
1505
4608
6081
6778
5072
3597
2296
4356
5902
2029
4411
817
3271
6128
2435
6285
1354
2486
857
3818
9227
9625
9388
2995
8523
1388
9887
2987
9092
9243
2287
3253
816
3151
6136
4560
4238
370
9107
9991
8827
2098
4829
5375
7141
3110
3664
5946
4815
4253
5669
6012
7884
7469
3797
9718
1336
452
1719
9589
5563
3311
769
461
280
1738
2572
5697
4383
5884
145
6710
4003
1142
5094
2949
6833
4739
223
8235
7692
7238
923
52
247
8710
9948
1967
6077
7818
963
1079
4208
8947
2737
6695
5631
9322
8120
5008
8816
3398
1865
8336
2803
4678
5642
6924
1070
5297
7265
8906
8637
6467
8075
6643
3302
4537
5089
1461
2695
9889
6187
4374
705
9700
4283
1830
7516
1231
1348
5574
5318
6794
3440
5864
2701
9231
633
1633
8504
8671
8587
3682
3357
2828
2929
8837
8164
2990
4291
1342
7828
4139
6889
9803
8940
6620
4005
2464
4539
8539
5871
8818
8280
6929
2182
9693
3890
6730
6861
2421
2566
157
2437
970
6639
4588
3954
6222
6124
5860
1739
3072
3085
2252
7133
6785
1341
4578
4157
8139
3042
5209
92
9880
2726
3487
9212
9483
7699
4561
6194
7370
3526
6123
5665
7779
1314
6617
2923
1718
7837
841
1689
7559
676
8893
9875
3194
2744
1274
5695
6837
3390
1766
9245
1626
6958
1002
5428
0
7438
9883
3597
207
1741
2177
8657
8215
8248
7150
9406
3765
6322
3376
4713
3790
865
8903
1339
8480
4532
7487
9176
7474
8781
2105
3383
8766
831
8146
6268
2509
932
2538
6250
5300
9272
7738
4012
380
6939
1623
3416
9416
2371
7167
5359
4128
115
5989
8246
7142
1588
3915
698
3417
2720
6813
4493
7629
8117
3082
6847
4300
3708
2876
2153
771
2722
9590
391
5281
6530
7356
1561
6072
8157
9789
9880
6446
969
4738
3358
7407
8924
1556
5516
1121
8478
5640
6089
1408
4623
4780
2548
5993
3458
2961
7058
1179
7232
4504
1381
2267
5413
3918
824
5104
897
3636
9176
1584
5751
3891
534
1346
6224
7717
4900
6559
9295
3004
2051
1023
621
5071
2032
2364
1547
3283
4200
1503
6163
9849
5223
7690
5145
6564
1157
4482
9555
519
4935
9749
5361
2886
346
422
4217
846
8688
3264
6360
6045
1993
9386
344
795
8729
147
3263
2825
8449
4898
9497
3451
1066
4220
5442
2669
4851
6666
764
4933
8890
7840
2309
8714
4158
5846
7880
1013
8242
8732
3323
4917
4858
6018
3376
7315
7375
7680
5435
899
8711
2874
5359
7018
2777
9024
4810
2534
8830
2275
7112
6832
4343
7847
2128
7543
6511
2775
8218
2423
900
5366
19
3522
8041
9024
208
1987
5176
1627
5554
443
5517
1580
819
3210
5348
3229
5228
7729
2322
8454
91
1436
5794
5626
765
4232
6815
1256
3197
2860
5117
9624
5576
1914
13
7562
898
7029
6094
6260
4776
7663
5929
3382
8953
992
2864
7327
9164
8289
2038
8582
5022
2593
1864
6225
9800
8731
7899
9120
664
2671
8631
6643
3715
1441
362
53
7004
4080
4550
4460
4127
6059
4557
8510
8607
1264
4944
1550
4730
2789
3996
2174
2730
1355
2978
2984
4948
995
8835
2312
3795
2629
365
9931
472
7262
9520
480
1880
9413
6429
7693
2587
6670
5315
3221
6429
4573
6585
2058
419
4000
6020
8979
2187
4676
1137
1296
8728
1244
503
12
3624
8028
4128
7118
63
9879
6825
6036
8110
7455
4019
2420
1641
3978
2300
7831
662
8718
959
1940
3943
4109
2026
3126
5807
8549
410
7644
2678
9729
4361
6396
9399
68
5611
3261
6519
7820
3646
4617
7218
9803
8900
7537
4748
7154
6598
4324
3738
4540
456
3591
1802
5173
3144
4194
5988
9174
9240
2507
1049
8095
4571
9837
9616
3256
3819
3008
5784
638
210
7568
1461
8570
8040
3916
7311
6694
8441
4194
6071
2878
4902
8063
1321
9061
5482
253
6322
4790
4788
5765
2401
9528
7082
4480
8143
9514
1077
7522
7684
8596
6177
2860
3699
2180
8594
8740
3921
2580
1238
6286
4667
8884
9419
1118
379
2565
6728
2150
9964
1420
3387
4088
766
253
6693
8873
7142
4062
5017
2031
6842
8592
8627
4205
7986
2970
5327
2508
9785
9985
2691
5956
8292
8012
6485
2677
9580
1424
524
4684
3841
3528
6732
5619
9789
3590
1739
2627
5703
4622
9878
4158
6636
1938
4222
7374
9335
2800
2379
2747
2575
5342
7378
3257
8241
1241
5315
5706
6886
8230
7489
8037
2202
5146
7721
3979
5582
1886
2397
3974
620
9970
1888
5939
3949
7533
85
5892
8345
5804
6651
5835
2870
2293
8746
3858
2147
4742
5012
850
279
1227
2595
4341
218
1376
3759
9222
4291
2858
9348
4319
2206
9677
8886
2330
8790
1561
7368
8963
8984
373
2235
4066
9635
3296
364
4372
7163
4563
2086
2210
7442
7834
6135
1243
1880
7273
240
4960
4607
8770
5775
2348
400
3660
3694
1445
9160
5943
943
8048
1597
1475
6672
3969
2893
4634
7231
5977
9861
4105
8593
8018
6585
615
1517
1049
7382
3144
4191
5787
6343
7270
9606
3758
6676
1818
6107
53
9324
1971
556
6970
4951
2309
4779
7696
7448
783
1142
7630
5405
1194
4792
1813
3169
7312
3965
6725
3961
7951
7703
255
5292
1931
713
4293
8899
4039
3080
2939
7190
1856
9303
9982
6131
7945
9107
7750
3375
2192
1662
4349
7739
6206
8167
3461
3366
8318
4175
8460
9815
2199
3809
8730
5018
2211
8380
6435
7576
7365
6937
3377
5848
3419
8657
3043
4059
1013
5580
2941
7759
5614
5265
6441
4883
8581
101
2897
5198
9535
7349
3130
9229
2245
6221
7619
9799
9009
5914
8019
3528
8341
3941
1799
3800
9
7323
2598
4376
6756
3406
3677
4463
9781
9107
2748
3361
8469
3118
3302
1331
2544
2153
9022
9891
4349
605
7903
5311
6274
7667
8958
4153
3763
5422
1782
2566
6103
2675
365
4237
1612
9634
8238
2928
3251
363
7600
6349
3281
7544
667
1221
9609
56
2790
7979
248
8271
2221
5573
2596
2109
6283
2764
3667
9409
8224
7786
6667
6656
8566
3242
2778
4568
4859
8343
2530
6713
852
8409
5579
126
4025
1792
406
6824
1681
442
2213
8618
4072
9728
7512
784
4940
9589
8592
7307
8116
295
5384
2634
5157
1586
9490
8427
354
8467
6480
6604
8888
8422
2346
7260
544
1479
6364
4226
9094
8233
8157
4728
6798
4716
4049
6932
7132
329
5233
6012
8009
5948
1590
4222
8818
6785
8274
8412
3597
4867
2294
6076
1798
4073
5013
443
7938
1760
8369
244
4801
6508
7253
5584
2625
3840
5677
3198
3132
7706
8137
8104
7922
9289
8739
7404
6149
1608
8816
1697
8393
7248
9319
5033
7236
9564
8983
3711
9432
7029
1771
7968
753
9922
4
1969
5733
9646
5180
3749
1425
310
630
3498
979
1115
5585
3848
2646
3085
563
694
7363
4707
6923
2859
4203
3550
2895
3741
1730
1656
5345
1963
8836
3288
8334
2808
9701
3105
2332
5143
4003
7985
3996
4361
8582
1193
8756
7065
8027
8715
369
6239
1462
8811
1186
180
6661
1105
1425
254
1262
970
5795
3645
8948
3396
8122
4994
6559
3843
9508
401
3945
6168
9208
9665
3630
8024
8662
387
7397
7464
1444
9431
5406
4524
9402
7887
617
3972
7143
5373
3873
9923
685
1420
1175
9404
8192
5101
2079
4505
8648
8366
6205
357
8138
6721
3911
6575
5317
7558
3296
7254
9480
474
9042
9400
7405
5769
5856
4310
2586
4415
9872
7447
3820
9013
6349
7351
5482
8118
5477
6113
8964
8780
4444
1501
943
2663
3012
9837
5504
4566
5039
7515
4548
3985
1614
3515
3767
5660
9412
1313
8439
2953
2631
3844
262
2820
4131
5069
8415
4959
7761
7838
7452
323
9691
6388
7636
3625
8643
6365
2085
4907
7126
3570
5495
9992
4108
4331
7919
9615
4920
693
8378
3582
2833
2313
8465
10
9823
3043
1735
5262
8760
7076
3009
5288
8675
668
2468
2675
9543
2303
6047
5145
5887
7148
3645
5581
1915
7905
1178
6518
5667
2973
1018
4290
1584
4113
9250
53
3578
1245
1805
579
8288
4524
9720
4369
7774
6022
5181
6438
6644
1422
9176
7699
7881
5624
7748
9719
3363
5650
5124
442
7595
9593
8473
6531
3389
9295
791
8264
7897
4405
5589
4362
1491
9153
8350
312
1285
4631
7407
4768
1767
8838
1596
8020
524
8728
7647
3023
4005
2146
8278
9289
7255
4793
1689
7670
1702
6685
3978
1807
8863
7727
3529
4217
5098
2852
3110
1851
6321
7722
3916
3784
4402
9767
435
6597
8851
2097
4050
9124
3984
9609
4941
3734
6623
9567
6713
8000
8373
532
1134
4006
4324
8908
8697
3989
1883
1343
8106
1906
5603
3213
6549
4840
2797
8396
3076
6010
4991
6270
1845
5782
2019
9097
6768
9326
3446
5510
839
6713
4248
6465
4412
789
9920
4719
6242
6373
7552
5816
2841
7060
5952
4730
2868
233
5901
2578
5329
8964
8863
7946
7350
9673
3011
1633
5341
4425
3581
2482
2691
8352
4886
4796
1496
3330
904
2763
8800
8117
2263
7791
4632
6143
8256
2387
6966
7132
4668
1113
1571
3956
9205
1248
6174
8114
4803
5950
8446
6105
9447
4701
7321
1973
3027
7539
4442
9019
8843
5117
9555
2664
7637
8212
5313
5600
6522
3297
9523
7982
526
63
773
2227
4326
2473
2934
5358
9874
2176
2340
4455
8815
2402
2752
5962
7777
5277
512
3206
6448
1029
8748
8176
6021
2499
7057
7152
4295
3404
475
4659
2148
3705
9620
1039
7934
6313
6898
8660
4075
2855
9630
7540
7406
3484
9452
130
2874
3974
9059
3582
9051
6648
9497
8870
9762
8405
6478
7283
7186
6713
7963
8296
3481
9340
1278
9589
3426
379
5951
8907
7842
1182
347
4191
1132
2106
927
4278
3561
3060
2043
4470
8815
706
5888
7565
4439
6777
9262
8637
4719
7943
9108
8133
4968
1602
2143
1092
8953
3431
6594
2697
5367
1898
3787
9489
7793
3682
866
3005
4126
353
1790
4972
7707
5407
7129
8334
385
2586
9677
4517
6379
3274
1029
4819
7733
523
3475
9789
9045
5596
4686
4732
2939
9380
4416
3088
7253
407
6758
1794
3566
1909
8675
732
7884
611
984
565
1008
6900
4478
4077
8297
9721
2620
2476
6099
9162
2804
1301
7289
5845
1604
4637
9884
1971
7762
9980
2668
974
7920
6613
631
9888
8460
3308
464
3501
7431
8904
6618
5160
2108
6312
2159
7174
9942
6807
2872
8320
6939
5959
4651
2001
164
7266
9813
5496
2023
353
3404
3203
633
4157
6025
6697
5716
4862
4909
7332
3834
2195
9434
8792
5120
2830
5120
3844
2826
5868
5058
3011
6953
5660
5074
9133
4553
2824
3610
1708
9094
3146
4119
375
7668
5212
5377
4609
6583
7896
8242
4728
2466
5919
2118
1332
9518
2445
9335
8934
2463
1968
7176
6695
7994
2896
9128
6381
3062
3082
4783
5154
3692
1452
6143
7522
6461
2400
1208
3623
5921
6704
9258
7352
29
3772
3155
7915
4475
7282
6678
5775
5083
8882
3461
5406
7911
6898
7101
3724
742
6396
6665
8661
7354
680
8527
7136
7050
2504
5434
7144
3122
4046
1306
5537
3762
8505
8150
3606
9372
2422
7598
8532
3340
5608
4607
605
3320
7559
8852
2176
7939
5846
796
9173
9771
9768
1941
857
2114
9404
2868
2236
4461
7818
1153
5231
7389
7328
4513
4653
7758
8091
7964
1707
8995
4861
1562
4218
4940
5959
324
3531
7173
4666
6803
7360
5386
7845
6374
2853
8956
5173
9347
4442
7147
2975
7005
6505
8443
4060
1501
8063
9667
7510
4782
5721
9363
8428
5821
9699
176
9001
4871
6791
4838
2477
2412
3879
9766
5686
397
7455
7166
4835
2721
2664
5166
9409
1299
8633
1917
6554
883
6281
5000
6335
2405
8489
3912
3343
1337
5541
7425
1755
4747
5703
5113
1660
2433
1044
660
9007
4190
2646
5806
4338
8840
5489
7803
1114
8946
9785
9221
2459
6916
3882
8651
6323
5111
8947
3583
1444
1007
2270
4036
2153
6195
4355
5750
9419
2850
8904
1679
5739
9574
5636
7144
5323
5249
5589
2621
3056
9529
7247
7834
1523
5201
232
5357
7324
8620
5356
5453
7191
6976
27
2933
5494
3269
1520
568
9830
1261
7646
1094
4810
9613
2616
7891
7807
8203
9586
724
3872
3614
4975
8825
4796
1731
8831
3727
9512
2746
2183
3620
8591
2815
3647
4755
2870
5501
3710
1352
3028
4717
9575
9428
4763
4708
1704
3074
9802
9546
6797
6628
3860
8356
1698
5690
6047
8976
4001
545
2780
5089
9965
9556
4713
7119
4848
7108
8428
969
4881
4613
6932
6693
7421
1208
8851
7077
4834
5610
5771
5987
5623
1850
7990
1284
1030
5142
704
5588
3977
3143
3541
3710
1789
7646
8321
1764
2979
5774
9317
940
8733
412
4893
4117
7395
6530
4950
9506
1146
5019
1751
114
2851
2887
8725
3118
5419
6779
1119
7507
1076
1305
2802
1511
7435
5692
6690
228
7506
278
6191
7551
5520
846
6785
5168
1296
9295
199
738
1096
639
1823
5326
1082
6564
5280
2718
2779
6350
652
9596
553
4923
89
1664
9753
5093
2350
3318
4470
1934
1322
7215
6977
9912
5435
1904
4929
8235
5640
3529
6931
6994
2039
1389
7548
765
3637
9662
4950
7114
6497
3749
7349
7643
6130
4949
9884
6591
752
5180
4321
8463
2878
7045
7129
3071
738
2399
1156
7016
9619
2999
951
7428
12
8229
7501
9754
4368
7295
120
9073
7283
8999
1102
7316
7170
1958
2417
1470
6948
5550
8618
1799
3751
5756
1184
3636
2922
5378
1154
4459
6147
7176
8477
2438
8334
4019
7760
6747
6687
3669
9187
1065
149
7470
4133
8719
8028
8385
3414
9518
7964
9625
9698
747
6066
7031
2752
8635
8275
544
9691
3366
7369
313
9450
3419
5507
54
6837
6540
8087
7991
8067
7863
9279
8803
9293
173
6380
6148
6849
3875
3398
1504
4280
1993
8632
2319
8917
835
9474
2996
9635
1977
6429
6524
8019
2264
7661
8389
5184
5310
8683
8899
6557
444
1195
2072
4916
9904
6186
1812
5363
203
555
4640
7033
5461
5525
3686
7230
1422
7365
6786
5399
9935
5399
7165
6099
2041
156
2386
5972
4672
8761
4461
7729
6969
2406
1284
2590
3713
8545
2354
4210
1001
5844
4657
1161
2712
5088
5192
9175
5003
9318
4028
4572
1257
1254
3367
1532
3921
1808
1992
9219
5725
6532
9667
60
831
8444
2655
9308
666
7011
6856
5979
876
1430
7004
8006
1556
1641
4717
4635
8303
5387
9261
1022
8947
4876
7250
9414
2119
3678
3503
1018
5382
275
2314
5348
3284
4270
7750
4687
790
8501
4899
2992
984
4563
6006
2106
206
7836
5528
4822
8938
706
451
7993
5572
7766
1579
763
8594
1107
4949
3220
7122
4955
1713
9795
4232
1247
204
68
9936
7258
4259
3484
8260
1240
8057
9882
5471
3920
2461
7435
3792
7013
8368
209
323
5405
649
758
5949
7924
930
9527
501
9435
3238
6401
7003
2387
7685
5967
2213
1415
142
2852
538
6579
8905
6759
4676
9940
2531
6536
4344
4631
3324
3283
8252
250
5822
5996
5982
9094
1197
1399
942
4491
7644
1290
1657
1519
8443
5104
8204
8481
6925
4522
4735
9199
6904
3277
5647
4837
8739
3057
2647
8919
2802
7953
5140
5595
1392
6955
7701
1944
1908
1254
5265
6188
6048
5805
8123
203
2090
689
5073
9909
5663
8983
7427
3916
6575
2295
3622
8281
2599
3595
5169
1893
1230
340
8952
2900
2164
3337
5827
9354
7506
1201
743
5507
5
1773
6398
6804
1359
5236
2145
3530
8326
4527
6810
6105
1737
4840
9787
3772
9713
1934
9293
6799
7523
3987
1137
7882
4299
7011
9779
3589
315
2620
4743
8446
6709
5329
8493
803
5891
7250
5687
6043
8127
2774
5945
4873
8312
6047
7009
8595
6458
2523
8488
2838
4153
3874
7357
9074
7103
5632
6478
4113
5236
2779
9904
1430
9278
3001
9246
2323
9060
9657
4137
172
2684
3953
2488
7187
7948
5946
232
216
8757
6090
6234
9923
5169
8787
5244
1368
3485
6256
2007
7845
8301
214
3927
9337
7344
6306
5734
7027
6024
582
6015
5321
7303
8318
5168
6700
252
799
8099
3570
8999
9771
1165
8178
8933
6059
1296
4296
8901
6464
1875
7452
7841
218
5266
5871
931
7586
5967
775
9906
5964
8940
7836
7117
8145
117
4133
7539
5755
5326
9217
1588
8076
1256
8436
3819
1940
3926
5415
9067
7432
4967
7888
5502
8839
7468
6729
2692
5121
9467
7236
2647
2131
6989
4942
1194
9155
9763
2110
6567
8481
642
5362
3166
556
3063
9879
6371
1715
4421
2623
9711
4602
6411
4418
6933
7762
5116
2798
5908
3475
2104
6684
7354
3346
5891
3524
3727
3656
2582
894
4431
8736
4
9899
935
6075
4955
6794
8441
1781
8589
9840
6292
5806
7118
4896
6131
3341
9895
6107
4997
8934
1913
7396
9412
5797
5975
9156
8895
80
2797
7170
7010
7352
2288
7861
1911
5627
199
7052
2443
6051
8416
1555
9131
1586
4151
9015
1480
3545
3077
655
2755
5287
6835
9802
599
6022
5881
1344
2943
5382
275
154
7158
4804
458
1895
5503
7986
5921
1214
6105
5906
3064
933
35
4883
4026
5145
5819
3236
1758
1869
8657
1320
3077
8432
5070
9079
3951
4618
3120
5112
9082
65
365
2276
4428
5298
8642
133
6515
6715
2504
2183
8134
6365
168
7112
6132
8972
8700
4498
6480
1086
7404
9985
2926
2545
2506
7854
5887
9733
1154
3916
9891
8103
8486
7544
4426
168
4560
2485
1236
5246
9476
853
3760
4253
6956
9442
4925
2636
5257
1707
5172
863
9698
1943
3607
4181
460
7534
4910
2301
4346
1888
7750
9503
1694
8143
879
3044
6408
2735
187
8605
6447
6052
2093
573
8630
1874
6902
3185
3446
204
7675
3859
3575
6200
2920
6991
3027
5546
2733
4575
8342
7404
5952
8969
3207
3949
6969
8866
1436
7528
8179
7573
5332
9517
4983
6667
9005
7876
1242
9576
8627
9014
4339
3860
5215
9169
4954
1508
3268
8638
1280
137
5098
5128
5609
8163
5876
4738
7887
2151
1422
3536
8664
7844
4496
7514
8041
7961
6835
6337
4481
2251
8586
3158
2521
7539
30
5398
8810
8812
225
5975
9644
2338
5659
72
289
1183
4813
2527
6280
6610
827
6690
2320
3621
4707
307
7873
6802
3699
8318
9626
9212
3277
3325
1980
3803
5002
4292
4644
7984
9834
2235
607
4762
8885
6358
2403
7481
932
2430
9743
5465
1014
5719
3254
5341
8813
8287
3598
7929
8816
9979
6399
9162
9257
8190
3348
302
9028
996
3876
7459
2608
7325
3578
7239
6791
7034
9382
4806
3804
5836
750
7853
9601
8846
9700
5661
2013
7494
1049
1574
7693
3886
747
2297
1363
1018
3249
4781
7092
6115
380
395
8174
2272
107
3296
6818
5201
4533
4271
4281
9993
3421
3980
5049
450
3837
563
8923
7202
3006
5118
6333
133
4524
6855
2484
5390
3379
7288
7483
608
7835
527
9143
2130
4904
1194
6795
4917
7392
5791
3954
5166
1640
389
9372
5376
6891
3062
8437
8652
3241
4489
2292
5030
2946
5843
6581
1196
804
9336
5614
1285
6250
7776
3074
3300
2938
5568
6192
7289
2046
4164
8483
3187
8272
710
5945
2054
9534
9543
6923
7364
9188
6522
3166
9899
7719
6933
3502
1530
4646
7530
4359
471
7877
1461
5327
9841
3994
4782
7509
2354
2190
3837
2117
9285
1868
6045
985
7252
2424
1610
9401
3083
5452
5508
2875
9411
9727
2125
9634
8762
8390
6327
4422
8202
4418
4306
8144
763
9985
7732
7661
9427
2016
3997
4105
4689
654
8854
1980
1195
3390
3965
356
8534
6537
3663
2633
9224
292
8002
9244
1144
972
9704
3691
3144
5905
8767
8103
909
879
2645
3031
5393
6755
7989
5361
5136
4613
9121
5253
3623
7882
5329
660
6131
6812
1173
7343
3719
4342
2735
1312
9269
5234
7779
3278
5945
1818
9164
292
5254
8857
1794
4220
310
1081
3418
1231
7930
5095
350
858
8337
9654
8032
3980
391
2328
5551
5916
9240
8731
9791
3326
9942
7538
8116
1283
1835
474
8491
7408
9956
3733
5375
6141
2920
6077
419
9149
5762
5757
1685
6954
250
3411
4627
2809
4051
5412
1350
1121
5377
2591
3874
96
2196
6722
2701
1206
9509
1844
4495
5311
9526
3222
163
7143
1722
3244
3406
3354
318
5845
2571
5189
3551
5682
5892
7911
5321
1557
2625
2617
7913
2654
4520
8563
2944
2657
1065
3051
5012
8650
9996
5225
5780
783
5982
7261
6333
5267
9292
1829
7550
746
812
4901
6434
4133
7409
3491
2707
1884
211
6862
3586
9890
702
5006
739
7576
7297
5980
1850
2813
4264
8510
7949
9477
6327
2262
2426
1537
7772
9349
8435
6200
123
672
3974
8959
6564
6396
5635
1687
5067
6465
9636
6272
2933
8231
8087
7649
8173
771
739
4639
5411
9598
8324
387
431
8471
174
1471
3258
2773
1013
2970
6283
5760
1570
9682
3587
9768
2759
354
6008
6198
1985
6768
9044
3440
4534
7917
7705
6424
4173
109
9348
23
8806
7865
3098
7721
1008
7757
4689
9192
3257
7021
8452
5482
5981
9473
510
9924
4459
2214
6118
5725
5767
2717
2322
4653
4226
6536
5395
9533
795
3161
6066
7130
967
5868
7017
2925
1337
9718
7020
8083
8887
4726
9980
3751
912
8307
9150
8175
926
5089
9682
9392
6834
6636
3803
2291
8239
5460
4725
621
5263
4359
5031
3908
5056
3770
3440
1842
126
8235
8381
1786
6252
6527
4543
1020
7212
6157
5365
3335
7308
8956
9054
4106
3598
2858
7623
7733
3949
1359
4788
128
3150
2560
4466
4983
8956
4276
5756
633
5611
3501
6708
6829
3739
2781
8450
5015
4516
1055
7658
4846
1049
5679
7285
9362
1831
4969
9490
7946
7162
2415
8478
3882
4808
7977
4382
805
4444
3595
1685
3708
7518
9234
9662
6746
6701
9253
8423
8736
2307
5029
4152
8647
1046
1231
3903
5052
1259
4178
5020
4432
4579
980
3222
6512
1189
1693
1190
9534
3203
1831
8226
1639
2525
1719
9093
6792
7902
3321
9654
3948
5774
3511
4693
7213
5796
1346
2494
5829
9720
1974
4147
5260
3279
7106
1493
2067
206
3472
95
8398
6100
3012
5796
2123
549
9017
2750
8609
4074
2398
3751
4112
9365
2986
7020
4231
4123
5475
3556
6557
7549
2920
1244
7029
549
2534
1312
3898
8242
541
5998
5648
17
9098
6364
7133
640
3516
598
1861
9294
8542
2599
3442
5796
1057
2124
3635
9439
6779
4590
1508
1172
782
6340
3231
1521
3221
9546
6310
7973
8760
3626
9816
9793
7289
898
2219
6648
3846
4237
9626
4655
1152
5821
2833
4794
8449
2857
9340
5139
7960
6009
5243
9976
1171
9773
9178
8962
3915
8201
264
209
3933
4186
5752
2784
9254
1081
7949
3425
6753
916
2583
3510
7791
6445
3278
5960
5704
6428
3074
9438
3071
7345
3889
1666
9339
379
5371
5423
3096
4623
6478
4625
3674
3946
4369
5171
8197
142
8752
8979
230
3887
6461
2344
5690
8283
8099
4229
7516
4251
697
9725
5273
8770
3955
163
2621
692
504
2086
6049
7344
2985
4481
2908
4605
7441
2314
8596
823
498
5270
8641
9105
2063
1978
4445
5177
9641
6760
7383
9930
6200
3199
8148
6492
4916
7868
7186
8092
7569
1290
3425
37
6251
1650
212
7921
7832
5068
5872
8258
4014
6192
5309
5490
858
7460
4955
4790
8544
734
6970
4520
7931
7202
2701
1624
1394
2839
480
9085
257
5055
805
5939
1693
2695
1450
8493
8565
8900
353
1323
3807
432
9251
8136
2201
606
5954
4341
4609
2279
2239
4852
7640
4951
9310
5004
709
9246
4583
311
163
211
4045
1024
1050
1526
967
9093
7634
1098
253
5145
8467
97
7737
1822
312
9779
4055
1184
9747
6442
4231
5395
2917
9003
8116
4569
4499
8961
2440
4539
7084
1276
7184
5376
7082
3878
5219
7932
9001
6358
9809
1497
1928
1966
1503
8007
7488
8180
83
9177
3802
2296
5373
5773
6485
9190
4881
6900
5756
872
3896
5613
1977
3171
4465
2951
4861
7195
3699
1935
9686
1610
2899
6612
825
9976
5626
4765
5937
517
1878
6254
3942
4115
2312
8010
9271
2768
638
4280
1327
2702
7248
7043
1076
8227
1104
7982
7364
8402
723
1146
5151
3798
7417
2846
1771
5791
2276
3468
4818
923
7125
9220
4789
2209
1749
6177
689
2821
1930
5541
9891
9139
4592
3687
3473
8797
3318
4077
7759
7957
7251
4396
7807
9433
676
1288
9974
9312
216
102
7403
7405
3526
3896
547
4315
7340
1177
3451
6714
771
1754
4668
297
6236
2578
3523
5770
6062
6019
7836
9910
6831
7466
2934
7885
7671
7178
1018
8367
8757
5247
2251
7838
5771
9386
5940
381
4007
768
239
360
845
6228
7157
3951
2079
6908
7758
6723
9038
2609
1411
2881
2872
2959
3489
6188
9465
4438
1590
2055
7666
2833
4232
4468
9588
1556
9737
7078
2173
5861
7574
9855
3712
2330
2670
4178
8906
8941
968
7946
6381
253
2824
3865
5604
7647
4776
9433
2039
8202
1117
9129
4381
430
2104
8587
8675
5707
3376
3075
6999
8765
5371
7038
7199
881
2359
2539
5631
7749
1482
8720
2130
8033
9163
4691
7984
994
311
718
4190
5478
100
9852
526
7020
5001
210
6212
6918
7679
7930
7692
6552
8246
9853
7630
9760
6348
134
5686
2206
4811
3617
4586
7085
3021
3815
5285
1693
7653
5182
6928
7710
8035
5247
6119
409
7271
1822
4617
8106
2312
2327
6410
2123
2858
1546
1618
2731
4827
106
8769
6518
2403
616
9954
9599
5994
2393
8092
7567
3477
4643
4340
7860
1787
8444
785
3169
5863
975
4783
5059
3933
3193
9482
7614
2013
9901
7566
1286
1708
1067
3471
9638
7751
6416
7494
236
8110
494
1238
1128
7637
1068
5685
1230
1319
9651
9915
6588
8715
6354
4546
8910
1095
1976
3663
643
2653
641
7620
6796
4373
6835
2159
3643
1007
1147
9830
2046
4979
5801
9682
5709
2204
3152
3088
4260
6022
603
5593
9811
2733
8587
8095
4139
5884
7943
4625
1144
8143
1945
9686
8389
4936
5234
3325
3508
3062
765
8055
1107
3825
40
1049
4385
140
2960
6475
5278
5383
1509
9589
4510
5405
2823
8306
4022
8768
106
3901
8829
8777
7342
4847
6177
438
1259
3299
1644
6593
9888
6583
2134
5993
7230
4396
8399
1813
1835
2922
1308
6293
6699
319
4977
2452
5353
4173
9549
6369
7384
6316
6103
1137
2064
6123
9188
6662
5140
255
2958
8495
2884
2621
4663
6065
7832
4040
6146
6875
1698
2707
5143
6526
8044
6500
4581
6444
7864
4491
8520
3586
8591
3101
1709
287
3042
9437
4792
4477
1628
5435
5781
4821
6703
1153
7530
5397
5992
7556
4773
869
397
8236
4355
5133
1419
1228
4405
2955
4328
1517
2194
3230
164
310
3037
552
8337
3021
6698
1059
9264
6401
6992
2732
6262
2659
5754
1779
6131
3265
9022
1217
1697
6146
5069
6639
6015
6431
776
9406
3664
9959
8061
1497
107
3910
6112
1285
9957
7623
7792
6729
325
9018
4027
4659
9980
60
8828
8731
2137
702
305
199
3021
7598
9680
4615
9375
3983
63
2170
5113
3438
1436
3967
8720
4641
7998
9842
887
56
9069
3768
2976
2225
1885
469
1276
1465
5956
9080
3567
7748
1959
4349
5019
4568
6807
5853
1422
8582
8033
9317
7833
5252
9298
8793
1609
871
6415
9155
9262
5916
5564
3993
8629
7166
6866
4833
572
5813
956
4086
443
3422
9685
9780
2381
2315
2897
572
6752
4252
7190
5764
9635
3598
3983
8633
9928
8343
7389
2725
8084
4089
1530
1384
425
6066
710
9795
9167
2215
7780
8430
202
3083
4163
3355
2278
5183
7012
7784
585
606
7118
3051
8018
6297
5698
1845
1243
2556
4412
6801
7560
3366
5011
3617
4801
7512
855
7620
2343
7556
7777
6934
5074
2854
8348
7081
97
4911
9753
6391
5180
9406
2486
7234
6736
2763
8954
4454
3597
9996
4356
79
9191
5045
1515
1463
6704
1221
4947
6901
1213
3357
4223
3482
2622
8191
6014
3012
3586
9254
4256
7327
2625
4702
4108
3176
7065
9780
5648
3063
9820
4940
1656
4391
8384
6305
4255
1546
2113
1094
828
7265
2885
2408
2391
2739
1028
1206
9864
1868
4823
6602
1217
4174
6720
9968
2978
8979
32
227
5177
5323
9542
6579
5235
4652
4806
7282
1839
5447
8083
863
7031
7623
7442
6473
6625
2852
5278
780
8102
7330
6550
1152
2951
1990
2177
6736
8170
2892
7521
2700
8545
1651
7155
8248
4061
5892
9176
9615
1487
1390
774
7527
7664
1877
683
787
5386
6689
2179
5757
1092
5415
7755
8422
4560
3353
6304
9193
6416
3896
8917
1997
3415
4801
7625
2184
1751
2652
7891
8877
8479
8274
1562
3644
7812
1728
5390
6693
2199
9657
6163
5523
3254
5479
5012
7458
4754
3066
6389
5287
33
1099
8064
6519
8410
4582
2303
8398
4550
3417
735
4678
4472
2269
1835
3712
9403
865
5053
6456
5432
8561
1706
9957
1484
1102
621
3159
8023
7823
681
3991
2960
8304
1691
1694
7141
9490
5782
5621
2813
7475
119
5525
8942
7770
7899
8103
60
946
7052
3543
881
3351
886
6743
5403
2761
9259
1888
4570
1778
8636
3945
4905
6164
1760
3918
6215
9127
129
4670
6831
9951
2767
270
7133
6202
4744
3505
9165
5482
8251
4044
8692
5809
69
2473
4170
9452
6182
3165
4128
2883
7177
353
6217
1950
9898
1078
7901
6446
7629
7888
6452
719
9400
5038
8562
202
7135
1077
9631
4273
4336
5826
487
2971
4799
7948
8946
5415
7477
7142
5258
4990
6960
6838
5221
7691
4082
863
878
4929
2686
3559
9841
103
4992
1385
6808
653
1446
953
9200
6112
2401
2732
7094
3223
6267
2195
9512
5697
7524
9019
567
1916
7074
4008
3400
5832
8214
9038
402
2575
4848
7094
476
7423
1031
1121
9150
457
6081
4178
1544
2487
1521
4366
8985
9584
2
4188
6717
2392
3655
254
1218
9140
979
7563
8688
2998
6668
5601
9846
161
8573
197
6602
7258
4762
3115
1653
6667
263
66
3650
6911
472
8564
490
76
267
1293
2727
1769
874
2548
6778
9443
3439
2877
4292
3765
6635
4337
9863
7891
6061
7981
5746
6259
6135
9891
1820
5951
1118
6147
8291
4230
8996
5271
326
690
7696
88
666
4801
396
3522
8945
8396
1767
3806
9031
6368
1591
3899
5220
4552
968
3981
958
7260
5116
5774
8485
6063
9585
7226
1388
8130
2298
1577
657
5706
9719
6754
945
1984
1884
1742
6990
2783
3116
2613
7269
6609
6885
3465
8076
442
4544
8310
3572
810
1387
7917
3297
5310
5853
6817
2274
7234
8775
4388
842
2948
3208
7471
1156
6556
7585
9085
1305
7914
3404
9740
1598
1413
8093
619
4387
9316
2159
9118
485
9999
6351
1637
4643
6797
3159
1555
9325
5957
3046
8814
1537
8736
84
7329
437
9013
3642
4256
4456
4836
7662
8118
8623
9723
8901
2770
9814
4524
8305
1010
399
2323
9989
3970
7609
8822
9390
9361
12
4164
9374
2070
2122
8850
5223
7304
334
2174
1818
5744
5974
8562
2790
7647
1906
4804
2384
9555
6003
4834
7179
5473
5440
5326
8275
5858
186
8632
5658
2875
2017
9758
5419
8311
5625
2195
4169
6104
4192
2455
7740
530
1640
2997
986
9911
5953
7355
7561
4634
5819
7658
9923
9439
8749
6646
6148
6990
8069
3509
5468
9587
3665
9242
3901
7751
6502
8991
7791
5870
6050
2445
8624
7647
7823
2577
7166
2754
4798
7226
294
8686
4261
9724
221
3266
4635
4346
178
7600
8653
8748
189
3604
6190
7009
6344
8153
6344
2
581
1734
7569
1072
3960
1790
2832
7007
3838
4519
4597
9936
1577
6009
3902
1845
6921
6755
6846
4611
5351
1234
2798
9796
8148
3387
7694
5848
2827
6526
7994
2769
5268
8562
2377
1634
3286
5101
6835
3687
6767
5044
1442
7840
6649
6141
483
6613
8280
8461
1860
6695
4670
8649
3769
8549
9545
3796
8751
1420
9114
8690
8824
55
4260
1558
8342
5935
6610
3136
616
4381
3575
8899
2866
2530
1651
7222
7836
2530
5565
6254
7811
8337
4961
4227
6518
7398
1479
5179
5972
1555
2109
5382
9547
1456
419
9677
4799
7752
8580
8891
2409
1032
4538
1238
3064
9062
5023
6571
5224
6557
8010
3211
3605
5967
982
7804
9539
7763
2711
7415
4606
1097
673
8766
825
3443
2679
4922
5758
5891
7940
4970
4746
3176
6185
9868
8490
3063
7932
2667
1494
3578
1818
161
2869
8181
8313
8660
5986
840
5195
1748
9898
6764
6095
5735
2946
765
1744
5810
3823
4305
9637
8361
3382
465
6496
1614
4204
9320
3199
5283
3131
6930
9906
8923
3398
1262
5779
9844
1071
7270
8368
4838
8756
6879
4202
9046
664
4524
8252
6413
4824
8449
9103
7337
2004
4727
7257
8791
7637
2159
8002
7999
2471
8754
1150
9104
3694
9668
9842
3730
9054
45
353
5185
7027
579
4262
6928
8183
2398
6149
2430
2669
6146
3907
5143
8981
7254
9871
145
7917
6407
7456
2592
5467
3485
7130
5273
6312
7959
4741
5719
8148
9999
8903
5019
4202
7538
3981
8350
9277
3732
1755
4321
2180
9660
1232
2848
1604
8959
8994
4376
5250
6920
2689
1067
1713
4376
8602
1980
3314
2725
3881
9829
632
9437
1511
384
2022
9285
1888
9919
4407
4306
8135
611
9889
8097
4669
8452
1722
6830
3227
6892
9892
5992
3973
9194
1624
2245
3871
7810
7051
111
5538
7404
6770
4609
5577
3545
2356
5391
5210
6008
1544
9740
3884
4954
6357
4678
6673
814
3075
1040
3382
4202
2849
8438
8224
6743
2520
9057
432
9985
439
7945
4187
8769
2520
3549
3734
2461
8205
5590
9516
6751
815
2510
2263
8231
6346
1124
9114
8968
5803
5497
9002
6288
3528
7362
1904
8195
3180
6635
212
2831
9923
8509
5962
7936
2074
5793
9514
1044
733
1038
7263
1801
2776
8706
7657
9322
2067
6286
3861
9437
1028
3540
5158
9302
6227
3685
1718
7197
894
2154
5348
2259
5195
9968
8462
568
5630
639
6667
6745
1895
3685
5645
2154
7639
9959
4058
9114
706
4194
5304
1642
6158
7497
6477
446
7436
5608
1261
5941
6603
8314
3156
3201
6384
287
1930
115
4268
3819
810
2775
3350
244
6784
9029
7244
7699
240
7052
2615
3560
1287
7345
694
2385
6019
6471
3777
2383
7741
9286
8697
7384
3414
9211
4778
3486
1951
2921
9892
6068
4266
6566
4567
8427
2269
7805
6846
4865
9594
7370
5791
230
3013
9139
782
7401
738
8397
7026
8258
4812
3110
3822
3488
3784
6785
7335
5013
5563
119
6018
4569
3968
1931
190
7308
2040
3766
3655
1604
1417
5661
9189
2193
2512
6698
1639
6335
8314
1208
974
9829
151
4973
7273
9399
7783
8299
3546
6544
3839
8753
6750
526
2859
5570
1464
2828
9497
8532
8307
627
6873
6377
5336
8045
8617
1295
6636
8658
1682
478
6374
3705
7871
7450
7697
302
7066
3132
5812
5040
6631
9454
6497
6144
5873
4599
9636
7086
4230
654
2245
4960
1764
4147
3846
3010
5787
7038
667
1820
9485
39
4893
3455
5394
6465
879
3018
1070
8276
3382
6999
6526
7735
7489
5589
5654
9048
3013
6883
4938
8485
6266
9902
6846
8975
526
9400
9112
1419
4626
6129
9084
4597
2713
3802
3550
9278
70
1126
177
2196
2565
1415
1290
3210
4742
1093
9054
1946
1607
3201
5299
7286
8890
4575
1135
3404
2912
1010
3405
6023
9760
2060
2046
6865
4210
2888
8398
6256
2575
16
7383
6531
8797
7239
2149
9193
1637
5367
8550
9699
7438
329
340
4465
5377
5858
5059
8706
1570
7745
4569
1948
3166
7126
2176
2843
6794
8787
138
50
6033
240
4354
4543
7795
7430
3214
7296
2419
9632
6981
1182
7718
2957
4919
2233
4076
5228
4224
3554
3428
1289
7206
5061
6612
1664
2421
1886
225
4970
6320
7335
4458
3004
4243
3775
5765
6788
378
6544
2426
5290
9812
2652
1383
7593
6159
5056
6401
8857
7285
226
9760
6649
8331
4253
9556
487
1093
3800
4527
5190
7968
6101
7740
9412
202
8295
6402
8760
513
5793
162
3217
332
1219
9028
7427
5159
3760
6604
6567
6389
1860
9858
1714
9961
3884
68
2871
4159
7122
4430
745
9224
9723
5746
8938
8878
6654
2176
9188
5263
4372
5088
7212
5494
704
5225
5257
5967
698
8704
4443
759
1364
4293
7956
6339
3074
9255
958
256
9720
3170
6928
3295
1954
3182
840
3771
62
8017
8497
2690
9636
5296
1238
9263
6442
8260
3500
1361
1670
6372
3804
1040
9435
1898
3868
5642
4764
5505
1957
4877
1835
135
9845
9476
9019
3961
3580
9030
5692
4759
3095
9023
276
153
6142
1782
7177
8994
3414
9416
9272
2786
6336
592
708
2019
7159
7276
4220
1836
5555
5234
3718
4685
4578
2361
6543
5353
1670
1164
8139
9683
990
45
8955
3638
5834
3910
8326
2121
4502
5156
6125
3080
7205
2767
6715
1112
7212
3102
8544
397
2469
3776
5955
2025
6209
153
8843
2320
5541
5198
4900
1398
1787
7972
9327
8003
3906
3465
1120
9369
4515
5603
3426
1956
1699
3552
6907
2367
9991
7203
2022
606
1599
5263
4918
3837
731
3769
5856
454
6390
9427
8233
8044
8451
497
1048
8686
523
7411
2113
3959
5453
1864
5486
9839
2069
7958
6019
3691
2620
2186
3506
1028
9474
8183
6010
3335
3676
7431
7969
6581
9102
4998
2398
2666
6000
1275
1775
8882
5981
8797
2135
7647
9667
1337
6664
6955
5501
6341
2624
8081
8840
3570
1720
8506
4510
1339
2978
5778
6701
3264
1672
9139
4489
9801
4758
6889
6222
9975
313
938
5511
7854
9899
4877
8836
3292
1743
8435
7740
5081
3178
5551
8304
3585
2825
8978
3940
9060
8271
4807
2070
6907
4954
5681
7947
395
1069
9888
6097
5250
3911
3408
4676
2839
8193
5502
8186
8954
7329
6312
6635
7820
1911
2501
5241
8774
4111
9028
7970
9525
3531
6521
9751
140
8893
2978
6476
5673
1716
515
4558
8863
9757
7942
8293
2848
4446
2018
2955
5492
6787
3324
7850
5978
9205
560
9296
7292
7628
5960
6304
4879
584
1153
626
7352
514
3443
855
4117
9426
1899
5341
1678
5954
9822
4012
8475
9524
9526
5289
3324
3704
9754
5068
2756
9677
591
702
1237
9852
2063
6525
6401
752
2989
2660
2831
434
4313
5230
7596
3970
3290
9976
5415
325
2043
937
3330
6997
1585
6652
4436
5026
4259
3373
2696
3949
6157
2335
3795
15
1010
335
1619
58
1849
5755
6202
3749
1036
8764
2034
2295
1929
1890
4033
7076
9624
505
923
3174
2044
9579
6864
7416
1164
1203
429
3275
5360
9680
5027
9700
5884
5368
1002
3864
7672
193
9322
2114
7892
8693
6267
8707
1922
4777
9449
7530
6551
9450
5262
2966
8527
8368
509
6259
4152
4464
2656
4533
5189
1585
8424
5022
1114
5501
4745
5886
4495
3978
4158
8785
6534
7090
8745
953
9346
2383
5902
7274
9427
975
4082
5240
9855
4142
6516
4153
6882
265
410
5442
8116
7620
4328
1771
2268
4513
7187
9003
9033
380
3040
6923
5803
8038
4434
8846
5429
4581
2527
1594
751
6819
3731
6783
5389
4048
3031
4607
4270
9212
7091
1718
2831
2674
7521
4985
5215
6915
5052
4052
3335
955
6989
7658
7876
4245
7021
8275
3919
7455
8182
6517
4439
2649
7033
6246
4949
6404
4426
1725
844
9393
1659
550
8260
8574
8201
2037
9959
2211
4154
1603
5195
2204
4914
7305
8939
1868
4403
7634
1359
9009
8757
1840
7107
8702
5680
8726
9548
5326
2420
9117
1818
7548
107
9989
6715
6871
5480
9180
4060
2514
94
670
818
1640
4486
5936
610
3342
316
9063
5975
5823
1066
1948
2488
4565
2925
9909
8362
4984
1073
2316
9071
6847
7341
6095
1045
2999
2715
5097
4531
7787
6896
9638
7875
6238
7306
1413
2336
3463
7738
9218
1381
5355
9553
5706
7503
8324
6931
2382
7170
5263
8520
9013
5464
1592
3431
2753
1193
6537
6159
3830
9413
4928
4975
9548
9932
81
6074
6448
7551
2006
3514
7913
6139
1403
1820
7788
8876
2129
9467
6558
3312
8650
7248
1246
485
6322
6805
4196
1515
5558
972
3997
3621
3226
2481
6837
8729
702
7039
5498
3879
945
8546
2425
2956
186
6555
3950
7224
8887
9270
5842
2653
6522
5451
7026
544
3768
3963
1091
1961
2596
2326
9468
6235
4911
3852
311
4931
7432
9198
462
9804
4159
2206
3857
2498
2301
1994
3045
9171
6565
3975
1558
2046
6570
8367
3586
4960
2695
515
9205
5570
3561
1805
9799
5516
6774
398
6008
6311
1020
6356
3498
4154
2370
8483
4944
8911
351
8151
3407
2487
6232
5401
4016
4697
2557
8539
3324
822
8876
4875
5278
2219
7351
8345
7053
2269
9457
2963
864
61
8885
1747
2460
4488
2235
5316
5559
8080
3984
2087
7802
9386
8286
815
8149
8589
7011
5861
764
1837
2473
7388
2713
6435
8862
3973
3741
9001
2861
6489
1077
4982
8196
6836
656
2126
3475
5730
3993
7614
4960
6322
8887
8523
2135
192
9898
7259
9296
7594
9099
3382
489
6598
6142
3307
8225
7977
7756
3775
4179
1135
608
6277
9745
5105
8250
7280
3192
6612
6425
7903
4728
6058
2242
2581
3033
6742
9008
1952
8471
4391
6527
583
3820
8430
7965
4318
4002
8398
132
45
3938
4878
362
3208
3705
731
2894
5983
1515
3966
7281
1409
5462
1814
3301
2167
9096
7779
6748
8312
342
7448
4634
8613
346
4693
1022
7014
7450
4480
8925
5638
926
9291
9681
3277
3496
4887
9341
1589
8000
4502
898
1064
242
8520
8362
9984
2804
1772
1682
8498
261
8440
9052
7983
5323
8524
856
3427
9770
2042
1406
8124
8301
7699
392
7794
9035
5445
6344
6512
5621
1945
4219
472
9194
5664
5330
5266
3842
1660
1591
250
821
4359
6722
8502
4821
6291
214
7908
2150
5745
7127
8147
5156
2674
9809
3516
9674
6708
6414
9340
2969
6045
4311
9449
5808
8794
6888
9225
8939
5921
2278
2437
2553
57
6885
2764
1594
2444
4297
456
1066
4875
2309
822
5790
163
5878
5239
4678
9567
8345
9889
6816
9303
8353
7242
1338
2290
4375
6000
2193
386
6118
9151
9973
2186
8650
5033
2117
4244
6755
4068
3875
5025
8211
3591
7355
7673
7569
9180
3042
2203
7008
5370
7683
5214
1927
3300
6763
6466
1363
6327
7121
9864
2920
8312
9979
9535
2384
6743
6307
1646
4921
9817
4162
9597
9918
3471
7852
3346
5295
9229
2376
9927
4123
7569
5709
1381
243
3276
3834
7102
6051
8716
5285
2957
8368
3627
4486
2239
2680
7893
2696
3194
3597
2446
5524
112
252
7805
7059
4597
2948
6410
3661
1953
5777
2459
4469
3453
2411
5325
3336
3714
9450
9383
2735
5795
2825
633
6170
2685
8271
7454
6848
9630
2288
5020
956
4837
6443
8908
5270
2389
4062
4249
4273
4507
5711
247
4586
5942
4237
4558
5925
5636
6635
3410
7183
4958
9586
2827
9392
3923
3772
1890
3128
2767
5667
5287
9215
8780
2187
8890
6541
735
4576
8436
3191
9227
3037
7489
843
9718
6711
1573
7551
8619
9182
9734
6328
3116
3680
8371
8440
3091
2934
9329
9813
4447
7933
570
6766
2692
6883
6710
2938
6086
3062
8452
6759
4893
4073
2939
2650
4078
3164
5146
686
6586
5546
5845
9100
9589
4166
5118
3349
6913
7356
93
1612
2266
3181
4984
2810
6674
9450
6785
1322
4557
2650
2764
8837
4719
1128
390
5132
9391
2700
1305
1018
4617
8882
2658
355
5679
3994
514
8642
1489
1303
8391
657
5482
5625
5232
197
6705
1481
9346
2499
2705
7237
2462
3919
7185
3600
3565
2469
7736
3302
5799
4592
505
533
9248
7974
4617
903
4187
197
4697
6265
2348
5294
8009
2975
7156
1367
8493
8429
9815
9766
3795
6606
4665
4526
4955
9945
8404
5141
4235
2281
6667
8000
4795
3772
1060
2086
2455
6079
9816
9933
3988
5640
1149
1328
2180
6726
728
1454
1773
6611
8251
7443
5236
2351
9745
8415
8859
8970
5728
6383
1397
8793
6430
4159
8193
238
7280
374
7475
7131
496
4455
324
6447
9767
9894
365
3852
2617
8927
4456
7396
8936
5734
5627
1801
5928
8151
6427
3615
3652
4385
1745
3100
6549
1925
2752
8034
5475
9256
961
3149
657
7401
1996
6823
1129
8758
1879
5854
2430
450
2917
8932
8997
5372
9423
6343
7714
2850
4769
4111
2379
3860
8589
5002
9786
3971
9075
3459
774
8786
2537
248
2786
2632
1481
845
1298
2339
8254
6139
9246
3619
9963
638
1769
2004
5816
9528
7727
4510
3712
3335
4020
7165
2293
8270
5215
3788
735
31
5094
9922
9847
8148
7609
1362
8908
4682
9139
2189
9927
4243
2170
4460
6755
3945
8315
2324
1507
3445
5541
3551
450
5100
4020
2080
7567
6763
6819
9474
9585
8059
3719
327
9834
4381
9834
1575
9783
9123
9726
3500
6313
7714
6268
4321
277
8245
1705
7207
8236
2964
191
1978
1866
2981
7460
4943
7928
5397
7153
7331
68
6278
9609
4422
6804
5626
7334
1176
7256
6666
891
4150
8186
6083
7318
7031
4067
915
1309
3164
6481
2364
990
7066
8010
7269
2414
6331
1024
5119
1555
4112
3687
3259
1788
1847
3269
2655
6951
4137
1021
8822
8521
4783
8556
6252
537
8921
4212
2174
5289
6190
6836
6590
7250
4919
1651
6798
7326
3947
5964
3269
8205
4951
8464
3212
7626
9254
9199
1259
1701
7144
3202
4147
7090
5560
3731
5582
3775
5337
4410
4677
3981
2796
9241
6256
7829
5615
815
2534
4253
9022
8818
4950
6716
4785
4379
9762
3227
7265
559
4774
5091
4360
5228
2627
4575
4132
5070
3901
8242
9997
6777
6970
7658
4719
3278
5738
4414
1564
5602
7233
6097
9348
1264
3847
4257
8311
4243
4184
2998
9016
5136
8115
6174
5100
2917
4083
6917
7285
8414
5688
4905
9292
8553
2530
8047
9583
6721
292
2319
5406
8176
3939
7598
9557
9112
6593
9010
2149
5372
5455
7019
7135
3911
7068
9246
5387
2819
7380
4051
6927
676
2155
4241
9214
7252
9253
4071
5521
6504
3595
890
4110
9739
5951
1222
7883
5401
4881
7527
4124
4591
2191
3872
6404
3983
4092
8071
6454
221
244
7718
749
1861
2153
6798
350
8288
2225
3464
2325
9467
5999
3131
839
7688
1323
7586
4207
6330
7917
9839
8097
756
9256
5942
4297
1697
9265
9704
7034
5111
232
6995
7871
2997
670
9193
2518
9945
3849
1950
4748
1763
2671
8340
2245
6150
3049
2767
3848
4660
9198
1563
9484
2872
9570
1579
392
3759
741
9438
7569
5640
417
8838
7706
190
7394
3614
8750
9955
9448
9056
6889
9524
9470
4678
640
8396
4691
4729
4931
1182
2586
6904
1877
7742
7977
6397
1544
4887
6446
2265
5398
7334
736
7127
1996
3027
1995
8534
6609
8968
1222
2529
7069
5416
3130
3462
6275
3170
6989
9739
1156
7131
441
6722
8283
8920
2567
2300
8042
333
8136
6663
4253
2411
6278
5026
5892
2898
2849
8447
2946
3277
2650
4095
1655
6541
958
2861
8400
2114
7750
432
6794
7857
7498
5243
6256
9641
4153
7415
7303
9891
9068
2831
6976
6708
2794
8546
484
5847
1810
5139
6268
46
5277
2264
7081
1292
199
4155
4063
9668
3033
9199
4359
6506
5361
4344
6258
1487
184
4269
3240
6725
2598
4399
892
8801
1346
5428
8122
1470
7635
7462
9912
567
7635
628
6019
6969
7376
3736
1110
9435
3852
2073
5397
5073
7854
8456
8830
6338
5775
8399
7388
9775
7908
6781
7052
2830
5200
3686
699
110
6169
4101
7410
2081
232
4797
8182
3611
5729
8672
72
5685
9895
3170
7150
2778
8678
8196
3504
1915
6552
896
1817
4931
6995
6632
8575
1895
1094
1549
4833
3040
7591
7544
5143
8527
8444
3606
3195
3931
6072
8648
3117
3273
6400
9394
3653
6930
2483
7342
375
9957
1002
2748
358
523
5425
6771
8600
7893
686
2282
8587
9483
858
4770
6567
7246
2717
7772
3262
2418
9319
4717
6445
4345
2575
7947
8802
1902
6670
4946
7281
7725
6057
7654
5060
6002
483
1940
646
7685
2067
8731
9018
9096
3544
5349
9561
5643
3976
9388
9290
2367
9317
2687
762
1211
1970
4143
2561
9198
3445
6804
9644
1466
1386
1277
6738
5770
8206
4459
7117
5548
97
9864
3722
7394
657
9690
8991
8789
4059
7399
4317
5034
4238
8943
5674
7962
2592
3721
5081
9380
1852
6751
5557
7051
9015
4125
4633
1344
7980
5287
7879
3255
2574
8814
537
4829
4258
307
3971
753
1178
1245
1835
5961
3606
6992
3629
9770
9083
8254
3005
3759
6560
99
4468
8642
9486
5036
6264
9275
5294
6966
2696
6228
4287
5109
9346
5110
1513
4694
811
952
7184
2020
7125
7904
6804
315
670
9557
4269
3125
9398
3693
5287
5258
2919
9905
507
8162
6956
427
3344
8725
7870
3436
5431
1849
7479
3078
6809
4119
6594
4281
6436
7224
4283
2757
2789
5784
9858
1419
4516
2199
6791
3298
8801
2042
9831
648
8505
3218
3786
1626
1287
306
6829
4321
6551
6007
7600
9696
9488
7177
1116
9801
809
7348
9297
3940
3369
7988
3120
8929
5954
4530
4278
7292
9399
9804
586
5177
4815
8108
3755
7379
6912
3565
927
3140
524
1870
5348
2065
261
1845
2815
7742
6139
7990
7128
6498
191
983
172
9835
5871
942
1937
6216
4330
5140
7177
87
4110
9074
4764
5536
5589
2132
6640
1206
3315
4011
5408
3569
4162
3346
6879
488
1303
5631
7491
7588
1810
7339
4015
9702
6784
9562
7921
9606
8981
6719
9821
4636
7305
5089
3887
1226
3341
1939
1355
1313
5923
7625
1259
2021
6050
8724
7449
2548
3510
7342
325
9639
3874
2392
2557
6682
2928
6391
115
2223
9623
4817
5394
9189
4786
8670
5472
1161
5173
3968
3192
4821
8004
2172
9259
7639
3334
5546
4940
8563
3747
5511
2783
8642
2629
6980
7731
1503
5451
1157
255
6018
4162
3712
9387
7368
7808
6438
8352
5311
7271
9860
3741
745
3500
901
4864
4312
7418
7096
3002
4854
7812
677
1332
8312
4632
157
9994
4023
8802
5865
5361
9822
93
2324
6724
9995
4274
5978
7574
6563
8402
4796
2505
2905
9763
537
5109
57
5564
4643
9318
1607
6394
5272
2377
3928
7356
88
6873
5553
9353
2781
2472
3851
658
70
3313
1036
1138
6083
1789
4468
3545
6598
2064
9864
808
8486
6684
4589
6338
9742
2349
5739
1704
9328
4844
2219
5436
8078
2025
5486
9168
362
7261
3186
670
3147
6918
8294
1778
6501
6213
8835
1551
418
6188
7873
8102
2939
5935
3530
4459
9534
4651
6451
1463
1692
886
3830
6746
2094
1718
4940
3744
3547
4610
8748
5088
9322
5592
7671
6516
339
2461
443
6411
7588
1094
4738
793
6578
8761
9035
5945
1993
9302
1259
3750
7675
3587
9800
9762
5681
8302
3671
6208
8908
6056
2214
9942
1055
7645
8401
2896
1788
785
8954
4159
4989
4369
8646
4206
2881
3602
5704
4181
9981
7491
4103
2384
8284
2747
4774
8365
7403
8209
1851
7750
1139
1209
7119
3523
464
1802
4479
748
2973
1065
7617
690
3985
8883
5348
3889
8217
6163
3371
228
322
7164
3996
7321
7271
3756
596
9989
1085
6767
8984
5323
4167
5925
7766
5600
76
9792
1165
1300
6716
3435
2528
6094
2562
4586
8570
3505
5339
358
4548
4713
2924
4872
3641
4623
3383
6595
7052
6789
3818
9822
272
5302
6316
2533
5421
79
9664
3980
1385
9598
3093
3626
5767
7872
8759
8880
2305
3475
8525
3694
5904
3377
7994
2765
834
207
1247
9351
6417
7439
499
9710
9434
5050
7280
1635
2578
8265
5847
1102
1826
5168
9905
5622
7561
4257
7595
4029
1681
656
3058
5953
2253
2345
4274
4558
8212
2237
7552
6399
1394
8462
5844
9516
4151
280
9842
6076
1744
5213
256
5523
6497
2966
9663
2053
7812
5922
543
6759
7890
5483
8920
8659
1261
7241
6894
2472
5345
9211
3308
2376
3758
7612
2095
9737
6263
7058
9986
6852
5763
42
6340
7946
9000
2675
1648
9162
1574
4399
4086
8522
1530
1768
9785
3134
6769
4657
7294
2259
7738
5470
8553
4331
6555
8162
5576
3204
1382
6280
767
4550
6874
9984
1789
6978
9287
612
2103
8341
7753
8863
582
8944
9502
6888
1188
8045
6626
119
7322
6157
7601
2094
3810
2932
4718
3270
2891
999
4425
380
8865
4463
1700
7528
2618
3309
3299
8122
7658
319
9235
5376
7590
8957
7108
324
794
8472
2290
5515
6053
3669
5649
959
3091
9246
5687
9461
469
8423
5964
5092
3975
2258
5769
5703
4602
3184
7970
61
2593
2391
2357
5301
3408
4241
8784
2380
1493
203
432
4945
6181
9862
9412
4546
1305
3819
9815
2568
5553
8099
5235
6738
1741
8523
5440
3259
7838
690
1350
8725
4736
6673
6578
6644
4779
7284
3612
9195
4789
9296
9023
7018
3262
4403
8168
462
6719
2983
5798
8422
7806
3815
3178
3900
1758
5554
3985
9163
2792
3513
9373
3761
8246
2406
3479
1717
9460
5795
5433
7502
6021
4036
1862
266
3317
7197
6168
6600
5284
9582
7700
7874
3216
871
5685
5224
1172
7710
3285
2647
6817
3765
6646
3017
5880
1311
4854
7954
1250
3637
6978
5631
5060
342
3850
7352
4616
8147
5377
2953
2819
6935
1567
1750
756
7880
670
4217
6709
7307
8145
199
6183
1596
7140
2717
4854
5662
6144
5168
6232
5446
8645
8316
3687
1930
7972
4792
5061
3295
3327
9824
5782
6282
430
5592
9946
9361
7173
9849
1332
774
2341
5812
3892
3441
4431
1826
2830
3508
8580
9921
435
6159
5765
7245
2020
4636
4166
7576
8296
1491
6544
5810
4207
4918
5117
6421
7484
4008
5569
381
4753
3771
5852
8639
4076
1564
9969
5879
9373
6353
524
2202
3777
7427
1180
2460
1472
6368
5719
9759
587
6449
380
9661
8806
2812
2109
2896
415
6956
9156
2248
622
9533
8258
6525
6503
6335
8120
9334
4543
344
6026
8288
6994
884
8562
282
1733
5559
8753
4746
7621
6578
8194
2023
3976
1753
8555
8951
1532
1352
3897
5523
5250
1010
9270
1039
4
6064
3222
7295
9101
3580
3521
7139
6760
8657
8264
2033
1346
5383
5535
1364
6162
1133
4697
6023
5497
6145
1421
199
3236
5477
1333
9267
585
4147
245
200
181
5565
6435
8866
9700
7766
6971
4930
7077
3434
2366
8344
6868
123
3433
9227
4301
4592
678
3271
4483
4767
1973
9442
1703
8917
3726
6229
1166
9231
4070
8628
1948
3272
1867
3959
3190
2756
1857
6317
2727
33
8882
8953
6170
5636
5085
3074
3396
8499
3178
8978
3743
5007
9963
9463
7253
2438
9419
6744
5910
8053
4539
4786
3280
410
5905
9495
5927
3538
2926
7037
749
9665
777
621
9414
4611
3327
3964
5816
7385
3851
3446
3102
8497
4375
1914
3397
2105
7739
8706
1334
5330
7167
6312
2572
9308
6006
1411
1926
5171
473
1268
7280
1915
7773
6161
8369
7789
8212
8889
482
5904
4330
1176
5996
6143
4016
2703
550
5168
1670
5150
4215
1
6804
6661
8050
5939
5064
354
6994
4752
7595
8461
1835
5326
9196
5183
7383
7339
6428
4808
9492
1135
7433
3415
6254
1858
8425
9250
2268
9572
5910
2299
4198
6625
8965
7774
5039
9311
2794
3053
5401
5445
8629
888
5219
6190
9712
5275
5109
2128
2708
944
